1154783322797923 | 
1733034831436846 | 
1455439039277975 | 
725249657186295 | 
887388654171488 | 
2281645655613448 | 
1400914794826314 | 
1371365708039584 | 
758063337157617 | 
2610310726028999 | 
848015447674511 | 
2164504577633483 | 
2101482367285557 | 
888129847292304 | 
2207102439775904 | 
954999590532140 | 
1289490112929448 | 
1633822241140000 | 
26109978791998142 | 
1913380882717497 | 
687696771068129 | 
1139647854785262 | 
805671829304205 | 
757767390520083 | 
911077515151870 | 
887573443865181 | 
1495314805491302 | 
1598172764852027 | 
758810147056779 | 
782015404982588 | 
1955029855221702 | 
1487238653060723 | 
1456467636206651 | 
2060829361129646 | 
1247696053534337 | 
1648963216448324 | 
2088595358642288 | 
1422858545999488 | 
1187625469847995 | 
1233205148925567 | 
1580390543194212 | 
2872521826412521 | 
990929626596084 | 
2506612603117089 | 
791220307374305 | 
2373523479737464 | 
1288339446761248 | 
911702238168191 | 
661715303700808 | 
4271899369741568 | 
745674435143003 | 
1683181783042746 | 
898927249578111 | 
1570464437511181 | 
1442207447635694 | 
34407588965492920 | 
1830543570924461 | 
26170140699307794 | 
798149996121226 | 
1238164844630491 | 
931225932633040 | 
2860645487599747 | 
1726613281966052 | 
3942293132698037 | 
1440974784491750 | 
1445467853946435 | 
1151048170374482 | 
828380960211579 | 
806195178655482 | 
822436710884206 | 
1466716041715479 | 
1867395081329523 | 
1412169870206530 | 
940922278315974 | 
919786880846522 | 
1975185199759627 | 
2141526523314374 | 
710393898729814 | 
1668629994297031 | 
1268102075268990 | 
757156467253891 | 
1252322366315603 | 
1940028913263752 | 
1431721815299953 | 
1618076612762697 | 
763212169957348 | 
1454449553085334 | 
1282885240430939 | 
948185524229345 | 
1469535811211207 | 
887639794044333 | 
934651109293228 | 
820721463788173 | 
1471751271021830 | 
2036517283564699 | 
1281345590599910 | 
1465260488344413 | 
1633858614329453 | 
4298659033722998 | 
2506929729769405 | 
1246671131001097 | 
1951054679116089 | 
1652217859259382 | 
2109808459769624 | 
1995957400954204 | 
806351391994845 | 
1424152492255666 | 
2293218431161033 | 
1649233826529175 | 
1304390214944320 | 
