1154783322797923 | 
725249657186295 | 
887388654171488 | 
758063337157617 | 
2610310726028999 | 
2164504577633483 | 
2101482367285557 | 
888129847292304 | 
954999590532140 | 
1289490112929448 | 
1913380882717497 | 
757767390520083 | 
911077515151870 | 
887573443865181 | 
1495314805491302 | 
1598172764852027 | 
758810147056779 | 
1955029855221702 | 
1456467636206651 | 
2060829361129646 | 
1247696053534337 | 
1187625469847995 | 
1233205148925567 | 
1580390543194212 | 
2506612603117089 | 
791220307374305 | 
1288339446761248 | 
911702238168191 | 
4271899369741568 | 
745674435143003 | 
1570464437511181 | 
34407588965492920 | 
798149996121226 | 
1238164844630491 | 
2860645487599747 | 
1726613281966052 | 
1151048170374482 | 
806195178655482 | 
710393898729814 | 
1668629994297031 | 
1268102075268990 | 
757156467253891 | 
1940028913263752 | 
1618076612762697 | 
763212169957348 | 
1282885240430939 | 
887639794044333 | 
934651109293228 | 
1471751271021830 | 
1633858614329453 | 
4298659033722998 | 
1995957400954204 | 
