1737272383710510 | 
3740097756297655 | 
813129144982096 | 
1403112074860216 | 
1759811228052660 | 
1376277440791011 | 
1142892444718556 | 
1101290166101022 | 
1562322628540483 | 
1323685846115387 | 
4107759612875374 | 
722327866882252 | 
25831082449879440 | 
1058350199698366 | 
600047083148055 | 
775024288530375 | 
800445232790893 | 
1264708728442005 | 
798810742643438 | 
1802695586892797 | 
810736824641196 | 
780272854987351 | 
1167448168650068 | 
1662118635233031 | 
1195261399370023 | 
2135887443887844 | 
1234001411991688 | 
1991788974917670 | 
1399352651134994 | 
1860640937993348 | 
1315854810044414 | 
1253272372655266 | 
9913715982053033 | 
1969223390311505 | 
1719502108723068 | 
1217701669525463 | 
1078334041135244 | 
1372993673801937 | 
1367198631016913 | 
1610019099971289 | 
790764800321437 | 
1215923276665385 | 
1455692672016329 | 
1240406301310490 | 
1671683817564411 | 
835429852167762 | 
756035054033338 | 
1235058410973214 | 
748547451209414 | 
1139394238337302 | 
1192255939221143 | 
4144764142448573 | 
1174883947876734 | 
1046894954223272 | 
1376697377382771 | 
1310622124123164 | 
842743131508342 | 
687266134314833 | 
1700327720749610 | 
2286450725196669 | 
2170243260128098 | 
1159614746112165 | 
25140585718961885 | 
2221264785002596 | 
1179780070147295 | 
1534809484617384 | 
597295783409353 | 
1336472064852803 | 
773543962265447 | 
1166751652169300 | 
1238536348051750 | 
3928015074011447 | 
1576679113448500 | 
1248843566709178 | 
1412822897086081 | 
1206467214848733 | 
741536705030488 | 
679457064691389 | 
2152951751846625 | 
1947095982577919 | 
2976691315848615 | 
1323494789212246 | 
1136281694510674 | 
9301323143300601 | 
817949580804100 | 
805600375705196 | 
3542444295905126 | 
1046743186990370 | 
1514401229559092 | 
666472846312496 | 
1799544237343957 | 
811970671531838 | 
774046945595924 | 
784843854485938 | 
1725942048015043 | 
1474543220228844 | 
1369400454149302 | 
25436206395975454 | 
1208545074064577 | 
1240906290810886 | 
2664611230415038 | 
740747345474570 | 
1988793208619102 | 
851458007274143 | 
2536611490032903 | 
25168398109424918 | 
2189620478153946 | 
1906455063521029 | 
1493433815255915 | 
713206731477374 | 
2181472725613210 | 
1528176318618509 | 
753485997172889 | 
902993018871373 | 
1141908047829180 | 
2253377071813636 | 
1190712185847558 | 
24283407217962450 | 
675842215548762 | 
780133157884081 | 
1505581503804617 | 
763225239617414 | 
1060653966035796 | 
1938476600133006 | 
817691748093641 | 
2508107752876292 | 
1527608204839832 | 
641585902321650 | 
832087366031497 | 
591349590322496 | 
797000776286511 | 
786510434151154 | 
817032594020388 | 
1156541973296310 | 
765919985867361 | 
1113966827441327 | 
614133144970250 | 
1265687085319047 | 
1942524029875835 | 
547815328051468 | 
1367872837770614 | 
1551077919346449 | 
711554954581168 | 
711839394801212 | 
1501812657625561 | 
2135226833639281 | 
1195731322609717 | 
24324153430604463 | 
1394993831570940 | 
1392703922187158 | 
665393599472880 | 
566708599268458 | 
709853165345025 | 
1399484844508120 | 
1448384446342967 | 
1261248858923491 | 
1553931365970210 | 
537826609085383 | 
1233923798128718 | 
732542626164813 | 
1562914721060396 | 
782886711270684 | 
1175478237706229 | 
715756701523141 | 
2010287929734303 | 
788857327098928 | 
1625893361703003 | 
1242195180887415 | 
2718349615028389 | 
1457387868608478 | 
1527476198386959 | 
1243511161133601 | 
1291579112418750 | 
676120902226874 | 
548447201219214 | 
1153869513376339 | 
685262864498340 | 
740642295717360 | 
1952629601946525 | 
4234876936734525 | 
1395572792141140 | 
728375763562884 | 
1181165313884666 | 
3857794807817933 | 
1355813292855221 | 
564507676707545 | 
3877275572484893 | 
950190127322031 | 
714328528269971 | 
1209701600860812 | 
783464771243720 | 
4043977702545114 | 
1175394187645784 | 
749491497719046 | 
24629057956686683 | 
1290372796036937 | 
671464865944499 | 
911194351056230 | 
1313697423818785 | 
1658784035006127 | 
1021652696365278 | 
1364594495338561 | 
2807527762785032 | 
2368895286786091 | 
9316365388464267 | 
25733353262959449 | 
1326851432255797 | 
1079480024150142 | 
1022258382729732 | 
1682036942437144 | 
1473935640462998 | 
813842381630415 | 
831941072555092 | 
1474005693712095 | 
705316102207672 | 
2761397614250807 | 
1495065458236232 | 
937239825645295 | 
2671183973229490 | 
3050157518494212 | 
1353645303029976 | 
1085016450505976 | 
827960329939754 | 
2086033365567165 | 
1012470737361557 | 
9815313585260590 | 
702184779240301 | 
1464533924601355 | 
1436627797412393 | 
1685808205450458 | 
1918880822190710 | 
1891771724776588 | 
1405133047983916 | 
1801965450489310 | 
1540901473780017 | 
1357611562164960 | 
1647516065950472 | 
1217529146483089 | 
1218534509175708 | 
1462042428664346 | 
739349715081795 | 
1039701264775663 | 
874938358743515 | 
736816912464640 | 
1079557667323872 | 
1387445256453500 | 
714760291540481 | 
1178156781084162 | 
1499572817891451 | 
2012707989260222 | 
754952440201637 | 
1220319652704417 | 
1354912626273183 | 
2077446859752544 | 
1060569256163258 | 
1115700033831169 | 
668427999535447 | 
3442428445899597 | 
818327167186675 | 
1172517114709072 | 
586770420618863 | 
1261082738530042 | 
714386998384006 | 
1352320706594714 | 
814560951047966 | 
1608592313716456 | 
810447508309228 | 
1262291102120047 | 
1814511435800493 | 
2007629446739081 | 
1279634303563028 | 
785321220853626 | 
1206152688048908 | 
1363790745095117 | 
1516945652761855 | 
1033648925042964 | 
2390535304724578 | 
1853572722216545 | 
1371399864622800 | 
25549241698017164 | 
1291562682973478 | 
