1323685846115387 | 
4107759612875374 | 
600047083148055 | 
1662118635233031 | 
1234001411991688 | 
9913715982053033 | 
1969223390311505 | 
1719502108723068 | 
790764800321437 | 
1215923276665385 | 
1240406301310490 | 
1671683817564411 | 
1192255939221143 | 
1046894954223272 | 
1376697377382771 | 
687266134314833 | 
1700327720749610 | 
2286450725196669 | 
1159614746112165 | 
2221264785002596 | 
1336472064852803 | 
1238536348051750 | 
1248843566709178 | 
741536705030488 | 
679457064691389 | 
9301323143300601 | 
817949580804100 | 
805600375705196 | 
3542444295905126 | 
1514401229559092 | 
666472846312496 | 
1799544237343957 | 
1725942048015043 | 
1369400454149302 | 
1208545074064577 | 
1240906290810886 | 
2664611230415038 | 
1988793208619102 | 
851458007274143 | 
2536611490032903 | 
25168398109424918 | 
1906455063521029 | 
1493433815255915 | 
713206731477374 | 
2253377071813636 | 
1190712185847558 | 
24283407217962450 | 
675842215548762 | 
763225239617414 | 
1060653966035796 | 
817691748093641 | 
2508107752876292 | 
1527608204839832 | 
591349590322496 | 
786510434151154 | 
817032594020388 | 
1156541973296310 | 
1113966827441327 | 
614133144970250 | 
1265687085319047 | 
1942524029875835 | 
547815328051468 | 
1551077919346449 | 
711554954581168 | 
711839394801212 | 
2135226833639281 | 
24324153430604463 | 
1394993831570940 | 
665393599472880 | 
1399484844508120 | 
1448384446342967 | 
1261248858923491 | 
537826609085383 | 
1233923798128718 | 
1562914721060396 | 
782886711270684 | 
1175478237706229 | 
788857327098928 | 
1242195180887415 | 
2718349615028389 | 
1527476198386959 | 
1243511161133601 | 
740642295717360 | 
1952629601946525 | 
1395572792141140 | 
1181165313884666 | 
3857794807817933 | 
564507676707545 | 
3877275572484893 | 
950190127322031 | 
714328528269971 | 
783464771243720 | 
1175394187645784 | 
24629057956686683 | 
911194351056230 | 
1021652696365278 | 
2807527762785032 | 
2368895286786091 | 
9316365388464267 | 
25733353262959449 | 
1079480024150142 | 
1022258382729732 | 
1682036942437144 | 
813842381630415 | 
831941072555092 | 
1474005693712095 | 
705316102207672 | 
2761397614250807 | 
3050157518494212 | 
827960329939754 | 
702184779240301 | 
1464533924601355 | 
1685808205450458 | 
1801965450489310 | 
1218534509175708 | 
739349715081795 | 
874938358743515 | 
736816912464640 | 
714760291540481 | 
1178156781084162 | 
1499572817891451 | 
754952440201637 | 
1220319652704417 | 
2077446859752544 | 
668427999535447 | 
586770420618863 | 
714386998384006 | 
1608592313716456 | 
810447508309228 | 
2007629446739081 | 
1363790745095117 | 
1516945652761855 | 
1033648925042964 | 
25549241698017164 | 
