1915656655700970 | 
899352849088603 | 
862284020084313 | 
895589259520585 | 
1591160138586309 | 
1463275448533227 | 
1920978688810482 | 
1674109323962231 | 
1560770608391708 | 
1531226904629199 | 
4289189924645632 | 
779961961167303 | 
2008115166793979 | 
1940336366568623 | 
637197876086264 | 
1597982328289089 | 
787499821044741 | 
1378895120917464 | 
1494427148934764 | 
2119036475574104 | 
1547773509833942 | 
1254139289956213 | 
1223841406607063 | 
1403318464823418 | 
1354537172570346 | 
1223051086431717 | 
34165963096383352 | 
1207475774699358 | 
1581175539698266 | 
871752052284831 | 
1243802381206199 | 
717661107668730 | 
787403957751867 | 
909945834728609 | 
1555963318935982 | 
3451402101685323 | 
1622288812314942 | 
1428972665256410 | 
1687696239341396 | 
1460906992402904 | 
905917201820247 | 
899940742886245 | 
878451251814476 | 
1397313422191921 | 
780291671793952 | 
1460631075410953 | 
941823851836935 | 
1240116984670616 | 
1645865506785126 | 
1438351597806897 | 
1489123552811997 | 
1613125636497392 | 
1970242110553041 | 
1164353262173175 | 
25805505245745323 | 
2100263190797765 | 
2421996428252107 | 
929231556261866 | 
1473213771060106 | 
1466695878342648 | 
1153599263514828 | 
1461829125583641 | 
735011216109851 | 
2752721971746332 | 
782124541635852 | 
927007070030134 | 
1779581819381244 | 
2691895951150340 | 
2036221930274517 | 
1460113902162497 | 
875905765446938 | 
1621627019080888 | 
924935526774063 | 
2104504080294234 | 
787618557731500 | 
1421550282915992 | 
3878843442421959 | 
897644966345468 | 
1032754895037887 | 
1652527355748858 | 
2194663384671735 | 
1490321871934397 | 
895973609644815 | 
2300128170483215 | 
1969993943911237 | 
1550256199430183 | 
1876379986390845 | 
1533766281058243 | 
950228194247460 | 
1578004483312527 | 
1263267609250932 | 
904604025798448 | 
4358503264432867 | 
935300762480229 | 
27153266857594355 | 
915175344705237 | 
1995802827685812 | 
973507548681533 | 
1248734100072047 | 
1946610252621137 | 
888878827319419 | 
1869704433633366 | 
892298669965090 | 
1972692103601443 | 
4327060020874326 | 
1981410252464422 | 
1488780359344560 | 
1889526758366968 | 
2123209238431521 | 
1620106599322144 | 
1131761292327080 | 
2592317287889953 | 
1909571272998179 | 
1972690263624007 | 
936902348796613 | 
1592449612014091 | 
26634119652892105 | 
879807888340235 | 
960354969862389 | 
1996031601320212 | 
2500373117026943 | 
2097535434122398 | 
26011454215170224 | 
2059003894661062 | 
26258202867164189 | 
2345095269384803 | 
1480661483605516 | 
1559501088619993 | 
1460473058862075 | 
4368454703425832 | 
25980697894933771 | 
1508904870806768 | 
1925887804800036 | 
958839013205760 | 
1872914026761431 | 
4095894453993907 | 
1486113429533507 | 
881517991297159 | 
764308953225727 | 
1614946069549990 | 
2458285287963406 | 
1265595239047500 | 
1626213185386527 | 
