1943031552966477 | 
818630637901100 | 
891371727003931 | 
1502550084772425 | 
959148269851207 | 
1998264967771272 | 
1251768030402628 | 
846733691772055 | 
1679396176389050 | 
1460996545548494 | 
1700185511332007 | 
3683065091833420 | 
1761974584764136 | 
2151460348965324 | 
1413164960122520 | 
3274542279373336 | 
1791842025106146 | 
1648041369526943 | 
1254675570188382 | 
1463500091815886 | 
1291191289548622 | 
1407160431096709 | 
921883187393487 | 
929849879677745 | 
963135089527374 | 
1613208136611636 | 
2180872236076599 | 
1271702011598509 | 
1169244288488272 | 
844256065326599 | 
1458994402187344 | 
1888556851922244 | 
824166283325736 | 
1101265485269937 | 
887849753564583 | 
1838897243685498 | 
1356077939548451 | 
2125253191543003 | 
1282352993303078 | 
1486510639195236 | 
1338951214525229 | 
1141949004410360 | 
1397891095146491 | 
1191426802384569 | 
2793637224325579 | 
829475489447173 | 
853583194288352 | 
1156646272627806 | 
774243585182330 | 
1638225040916955 | 
