1943031552966477 | 
818630637901100 | 
891371727003931 | 
1679396176389050 | 
1761974584764136 | 
1791842025106146 | 
1648041369526943 | 
1291191289548622 | 
963135089527374 | 
1613208136611636 | 
2180872236076599 | 
1271702011598509 | 
1169244288488272 | 
844256065326599 | 
824166283325736 | 
1101265485269937 | 
887849753564583 | 
1838897243685498 | 
1282352993303078 | 
1397891095146491 | 
2793637224325579 | 
1156646272627806 | 
1404917561227442 | 
4011953792448865 | 
1436590430816951 | 
1174671251424485 | 
1522572748853535 | 
524635234046388 | 
1493663911841886 | 
853879547043051 | 
1896981210925949 | 
1859510458775508 | 
1335853791177192 | 
1485155429148023 | 
2635929023415877 | 
833446455766101 | 
981646353959879 | 
