1359479291355887 | 
959925996038471 | 
1404892291110245 | 
2408873572888177 | 
1751606815982279 | 
2212462915949922 | 
27198629323072758 | 
2869351383441359 | 
763982893156329 | 
1733592180944357 | 
925042020250529 | 
1447890797129483 | 
4159629564299324 | 
948339591206509 | 
2211441706054195 | 
2153948108702183 | 
1286336463342002 | 
1432294177743972 | 
1443021637289872 | 
2130856407675691 | 
1580676266512269 | 
1604987520712930 | 
1493506172187801 | 
912313234576501 | 
1616961942840903 | 
2123771468441621 | 
905456315551293 | 
938708021968065 | 
1444833693972015 | 
26171346912551321 | 
27243923595194356 | 
1540997700298792 | 
2308547532971993 | 
1849188275800112 | 
909157165332339 | 
1475338313988120 | 
796910172917082 | 
2425231491250270 | 
1314624390488290 | 
837616216024843 | 
2864875283847739 | 
