728265537000039 | 
1216407553883431 | 
1590513865488842 | 
25569283412729700 | 
4173724046210755 | 
1218831707072414 | 
1276848194425910 | 
1410301713906782 | 
1914271752514007 | 
990273826657218 | 
1267172675314213 | 
1289713976553599 | 
918086827644613 | 
1861997001227114 | 
743257615284486 | 
2385644458608673 | 
3778306318972640 | 
1607256363725837 | 
1219153503732120 | 
2749077158781313 | 
897099989782846 | 
1887830898544914 | 
2371521753322296 | 
1560049972157710 | 
2346571592523119 | 
1629227034871453 | 
1462239992122933 | 
1621038265610277 | 
3301675656658173 | 
1715864836489104 | 
1431620981840961 | 
1217887040554474 | 
821538024291345 | 
1266540248745546 | 
748181258085760 | 
1275626647823018 | 
932619909491924 | 
2452698365201013 | 
1268536138551335 | 
1501810954617897 | 
902593052654148 | 
2616548335413127 | 
1624545088602745 | 
1615096993009489 | 
1253003056250728 | 
922057623896938 | 
1800747047282406 | 
1458227969333974 | 
2001266084066630 | 
26459525590318146 | 
1482649253445422 | 
1401963331215967 | 
853811927688906 | 
1489472722541432 | 
1478411730409544 | 
899079382997482 | 
1602339311037926 | 
857990400632211 | 
762813113273000 | 
924744770021344 | 
2741668052843310 | 
1468960384741487 | 
896016870099302 | 
946774471119847 | 
1595774278139431 | 
2284824962008421 | 
2167332220737310 | 
945671061305082 | 
907544828680219 | 
1995902591319528 | 
910675025299499 | 
927146009860889 | 
657863843823298 | 
920140477270580 | 
1445484033704696 | 
1476769227176270 | 
1266662288193152 | 
