2146578679630749 | 
1664702994896031 | 
920061920814879 | 
1717051719663565 | 
2805513589793717 | 
931739009326630 | 
805000395957660 | 
2772911336388169 | 
957379173527288 | 
1400302018306296 | 
1434727581673539 | 
1250225750568610 | 
1579268470029716 | 
1732678238143441 | 
982973517396692 | 
1213150670976782 | 
1004204628598106 | 
2113375779507304 | 
1920059696050566 | 
2124282481671436 | 
1288540949804454 | 
34051773024469123 | 
1335166971995709 | 
1599650594517743 | 
2207293230077844 | 
921521487503202 | 
1598359871288565 | 
1916209892330899 | 
1717515552940085 | 
1221859229934112 | 
1980374722879894 | 
1479608227074773 | 
26339015255728087 | 
1265653521560418 | 
1488558282891006 | 
1987937845467491 | 
2370788993397735 | 
3425117254308102 | 
1462705802243003 | 
4513028255583600 | 
1248516114093614 | 
1250012633772974 | 
930351046250488 | 
4286098774965487 | 
920015837341211 | 
1958328701757820 | 
1646472583016494 | 
2507285559741367 | 
2053977985459965 | 
907008835292853 | 
1595169975035855 | 
1633564721005045 | 
24282811648083317 | 
25711285865234717 | 
910466105314064 | 
1475963224035625 | 
1499098824887697 | 
807526049071434 | 
777788351651894 | 
960703189802490 | 
1875943583107335 | 
783362964831813 | 
