742195178530064 | 
871786955771019 | 
1408667634048493 | 
900299395816918 | 
4624820454396100 | 
1228073999421859 | 
1060994636208306 | 
997147856436927 | 
25553716504238282 | 
928823279820778 | 
893897630178400 | 
25329901136681322 | 
1521757356621950 | 
2138903899980960 | 
2168195200379896 | 
25751446174535731 | 
1372547264450787 | 
1071045441834676 | 
922039633576273 | 
730316823238288 | 
1804241916902664 | 
24327779940253176 | 
794958830297927 | 
1335895091905073 | 
1133598425637275 | 
919084507352536 | 
3087198071671284 | 
1610696590173961 | 
4248219595425630 | 
2145959992608976 | 
1414471216714307 | 
1284503799676548 | 
1721796432529632 | 
2015668465677812 | 
901952555978060 | 
905320102045954 | 
1743492017035853 | 
1446415680469328 | 
904158215558614 | 
1294245219181493 | 
3939031066394967 | 
1218457416357892 | 
2320232111778764 | 
1222177582626215 | 
2312942095872998 | 
864119040011623 | 
2372159399911619 | 
939518961877892 | 
1395845318297432 | 
843894442018469 | 
25899825886367936 | 
1568076101159799 | 
1607073733751067 | 
34040869982177987 | 
1246111344143828 | 
1616525329499978 | 
1977542612971891 | 
931893536427737 | 
2022596948610242 | 
1613447736658253 | 
1461412068690120 | 
777875054936683 | 
4377868379098031 | 
1672025010877367 | 
1415934026685521 | 
2259687697872298 | 
25446257158381223 | 
754986674358643 | 
1256131133290849 | 
1415820700025518 | 
1955102378551039 | 
1523529809478824 | 
720337904344486 | 
1980573879165466 | 
1420493382915284 | 
2388595498233371 | 
1639724993705737 | 
2386308881866236 | 
25875740775449311 | 
1201866145172060 | 
1998314981061919 | 
893026656670449 | 
26893485623573259 | 
1849987312360811 | 
1247754627258987 | 
2079464492900964 | 
1122643409894464 | 
1847248879269062 | 
1633204967883212 | 
1577533926863460 | 
1289095763319783 | 
34351810471132730 | 
1463556375475357 | 
812597835195630 | 
925148030197435 | 
1259556435637167 | 
2955934227928778 | 
2297333760793702 | 
1331113512263843 | 
2468796750224260 | 
1959347445007251 | 
1618696642512438 | 
821185297672849 | 
1278633277656514 | 
1494847758836845 | 
1883890492261251 | 
1259548879066395 | 
924582610493065 | 
1986067488849849 | 
2010906666213055 | 
2095639907879063 | 
1872476820071098 | 
963835136120207 | 
1226506142914490 | 
1342783481008893 | 
1495648835520022 | 
953898033886501 | 
4304882709656686 | 
964346009498743 | 
2180091156142350 | 
1345306414301242 | 
804265788869217 | 
2061009228159546 | 
2083445119113116 | 
26675445705422191 | 
2101761753891877 | 
910445914943103 | 
919562597338407 | 
2169370367168039 | 
1463031288504436 | 
1345292094312249 | 
1494201862348336 | 
1704853660955375 | 
1628448198042486 | 
1638695653717256 | 
2475103262943590 | 
790009340838638 | 
952910463752048 | 
1441806780761176 | 
945606521170262 | 
1260610955540535 | 
1462393491912085 | 
1659468008702820 | 
804723746015817 | 
1312494934274730 | 
1709576993570256 | 
960184996985416 | 
3852908804841548 | 
961093326431447 | 
1452319919897504 | 
1646260599845963 | 
1687183012657009 | 
1874343393345355 | 
886801237694139 | 
920132507312048 | 
927032590066904 | 
1257945723195199 | 
1305280181419211 | 
1381784143705546 | 
1503903158023071 | 
2008123383104265 | 
27315545384702684 | 
693874677122629 | 
932708536145129 | 
1296522929044687 | 
1427609225513257 | 
1264895175034177 | 
1455023616000314 | 
1904019810230142 | 
2362680247528533 | 
26751136891176352 | 
757972004063615 | 
770917042520312 | 
773494738905510 | 
774341858819885 | 
920029594178476 | 
920707220563276 | 
936470615746822 | 
938171312033517 | 
1261711349441219 | 
1438748941595657 | 
1499522278252125 | 
1660694705116977 | 
4358428541137836 | 
26193799243606242 | 
1171303171751063 | 
