4624820454396100 | 
1060994636208306 | 
25553716504238282 | 
928823279820778 | 
25329901136681322 | 
2168195200379896 | 
1372547264450787 | 
730316823238288 | 
24327779940253176 | 
1133598425637275 | 
919084507352536 | 
3087198071671284 | 
1610696590173961 | 
1284503799676548 | 
901952555978060 | 
905320102045954 | 
1446415680469328 | 
939518961877892 | 
1395845318297432 | 
1607073733751067 | 
34040869982177987 | 
1246111344143828 | 
1977542612971891 | 
931893536427737 | 
889048620826613 | 
1461412068690120 | 
777875054936683 | 
4377868379098031 | 
1415934026685521 | 
2259687697872298 | 
25446257158381223 | 
1415820700025518 | 
1639724993705737 | 
1455474139318751 | 
1201866145172060 | 
1246364366889620 | 
1849987312360811 | 
1247754627258987 | 
2079464492900964 | 
1122643409894464 | 
1847248879269062 | 
1633204967883212 | 
1487279363406033 | 
1289095763319783 | 
34351810471132730 | 
1463556375475357 | 
2955934227928778 | 
2297333760793702 | 
1959347445007251 | 
821185297672849 | 
1278633277656514 | 
1883890492261251 | 
924582610493065 | 
1872476820071098 | 
963835136120207 | 
1226506142914490 | 
1342783481008893 | 
1495648835520022 | 
953898033886501 | 
4304882709656686 | 
964346009498743 | 
2061009228159546 | 
2083445119113116 | 
26675445705422191 | 
2101761753891877 | 
2169370367168039 | 
1345292094312249 | 
1494201862348336 | 
1638695653717256 | 
790009340838638 | 
952910463752048 | 
1441806780761176 | 
1260610955540535 | 
1659468008702820 | 
804723746015817 | 
1312494934274730 | 
960184996985416 | 
3852908804841548 | 
961093326431447 | 
1452319919897504 | 
1646260599845963 | 
1687183012657009 | 
927032590066904 | 
1257945723195199 | 
1305280181419211 | 
1503903158023071 | 
2008123383104265 | 
27315545384702684 | 
693874677122629 | 
932708536145129 | 
1296522929044687 | 
1455023616000314 | 
1904019810230142 | 
2362680247528533 | 
757972004063615 | 
770917042520312 | 
774341858819885 | 
920029594178476 | 
936470615746822 | 
1261711349441219 | 
1438748941595657 | 
1440579277372391 | 
4358428541137836 | 
26193799243606242 | 
