5212065445684459 | 
1169152911412253 | 
715951548213620 | 
1149541640664787 | 
25086155787725558 | 
1714025162595711 | 
1575044840444184 | 
3954138921542808 | 
1125048096367579 | 
1185852963758120 | 
828032993508058 | 
911726511306943 | 
1559763928639818 | 
1047494417553801 | 
1801939573823408 | 
719680257891638 | 
886910610841584 | 
4351332205137199 | 
1646355029708683 | 
2056321058531836 | 
851181304561829 | 
1696094851552915 | 
2471781279904733 | 
1704015757249105 | 
1583801092848217 | 
1298782955438279 | 
1743147563331368 | 
1451471013323926 | 
1690171168823689 | 
1142624317836043 | 
884929784210549 | 
1382010976976919 | 
2412483149188514 | 
1631420151509561 | 
1965314607396979 | 
1207456128038124 | 
2140580680088632 | 
1345511194277982 | 
838437418634865 | 
1865196091032014 | 
1449972269861395 | 
897308086030975 | 
1648382142855922 | 
1231110749230704 | 
1559118798528458 | 
1326842009225192 | 
818459721268867 | 
1247268340613411 | 
1403085377881889 | 
1476809823838137 | 
928857076675555 | 
940820991629498 | 
895706696747211 | 
2669994630024250 | 
1615491189574293 | 
1458249929340092 | 
1283488833700462 | 
1405198648024640 | 
1983873609174209 | 
1679453186500978 | 
2392410484469408 | 
877206025013934 | 
1360447906113738 | 
1270373585237056 | 
1579431286638090 | 
1123679793271508 | 
1257730759799959 | 
1478438173631788 | 
1960196757905137 | 
1229628952658333 | 
3400952730063253 | 
2168636380558274 | 
811678381652804 | 
911460968334691 | 
4415044225443219 | 
865495209871843 | 
2136601583762068 | 
1485636149215488 | 
3155790017927526 | 
1285556873427163 | 
1719401992763755 | 
1461145219135081 | 
1452241749611729 | 
1345982556918812 | 
2066009330613313 | 
886969930772661 | 
1352109649729010 | 
800363056411305 | 
2891137744415249 | 
1317429749696163 | 
3859853407643735 | 
1328918149046976 | 
1577349602989631 | 
1246939797589358 | 
1273256118065017 | 
958232296882105 | 
3202277086649305 | 
962270366139778 | 
860414146409694 | 
2085454755361096 | 
1603974240820366 | 
933517573180376 | 
831323006650025 | 
1450114173579560 | 
792879690080871 | 
1502398091512904 | 
2440159556459694 | 
768249806326580 | 
770631386127704 | 
1853609145351540 | 
4230125340640823 | 
1388548026356545 | 
1953532588575992 | 
1307168397921179 | 
1270063055006951 | 
1240980411529405 | 
1821735385172364 | 
1561785651787296 | 
1568557850896425 | 
3049814008526234 | 
1502033054892468 | 
1581252123231409 | 
1430975998438799 | 
925541290213804 | 
26249616517983645 | 
4998032430432474 | 
951254484100380 | 
2990747927798794 | 
927247799801395 | 
1251858156378319 | 
2683927015315233 | 
1217350230152943 | 
1603911217532205 | 
1388416956305192 | 
1206460645001204 | 
1985751462297518 | 
1104504728506003 | 
1644010480290681 | 
637209862820599 | 
2018080778746006 | 
1974423336845599 | 
921210087058255 | 
869118286085866 | 
2065694087549560 | 
3309754545854781 | 
1292073736187364 | 
2019940428552007 | 
1486375106412580 | 
1276742901331128 | 
1281482610587097 | 
4268560290070231 | 
1266396298777321 | 
955399086939620 | 
1337574701737240 | 
1455551763268300 | 
1595315955070761 | 
2713416285717814 | 
1298966605624462 | 
1435726441630658 | 
758572770466474 | 
1455414162706254 | 
1469890751505031 | 
1407807584367316 | 
982171277474009 | 
25947038368281105 | 
2153547238731241 | 
917842644326385 | 
749027434756355 | 
817500411049135 | 
849797684748070 | 
894496576797680 | 
2034695490804247 | 
1206019461495156 | 
1237022604700320 | 
2228022854270880 | 
1627395398505964 | 
928596482904462 | 
930027513300375 | 
925910910123043 | 
1448937276878923 | 
1216257010623781 | 
886554640810368 | 
2624432231253006 | 
1178367840755039 | 
1543232203442670 | 
2157962944977681 | 
1627840598349614 | 
1459774602456023 | 
2519313768515328 | 
1564393274626157 | 
2127846354711150 | 
887131670336564 | 
1512732050419682 | 
855308364229017 | 
1473016780971353 | 
1594634934997324 | 
2379320652539201 | 
1468275341574269 | 
2980094158851190 | 
1449630826499292 | 
2195485564556081 | 
1826229354729993 | 
1825053484850911 | 
4008343472643359 | 
1226012772609202 | 
2036422590473784 | 
1620333825850931 | 
1618103616039257 | 
1972506003336736 | 
1450134246585122 | 
894783736607003 | 
846682694428732 | 
1322273513046427 | 
1974007957327289 | 
942318858297826 | 
874549405595533 | 
920577444061201 | 
