1169152911412253 | 
1714025162595711 | 
1185852963758120 | 
828032993508058 | 
911726511306943 | 
1047494417553801 | 
719680257891638 | 
2056321058531836 | 
1704015757249105 | 
1743147563331368 | 
1690171168823689 | 
884929784210549 | 
1382010976976919 | 
1631420151509561 | 
1965314607396979 | 
2140580680088632 | 
1865196091032014 | 
1449972269861395 | 
1231110749230704 | 
1559118798528458 | 
1326842009225192 | 
818459721268867 | 
1403085377881889 | 
1458249929340092 | 
1360447906113738 | 
1123679793271508 | 
1960196757905137 | 
811678381652804 | 
911460968334691 | 
1485636149215488 | 
1345982556918812 | 
2066009330613313 | 
886969930772661 | 
1352109649729010 | 
2891137744415249 | 
3859853407643735 | 
1328918149046976 | 
860414146409694 | 
1853609145351540 | 
1307168397921179 | 
3049814008526234 | 
1502033054892468 | 
925541290213804 | 
951254484100380 | 
927247799801395 | 
2683927015315233 | 
1388416956305192 | 
1206460645001204 | 
1104504728506003 | 
1644010480290681 | 
2018080778746006 | 
1974423336845599 | 
921210087058255 | 
3309754545854781 | 
4268560290070231 | 
955399086939620 | 
1337574701737240 | 
1298966605624462 | 
1435726441630658 | 
917842644326385 | 
817500411049135 | 
894496576797680 | 
2034695490804247 | 
1206019461495156 | 
2228022854270880 | 
1627395398505964 | 
928596482904462 | 
2624432231253006 | 
1543232203442670 | 
2519313768515328 | 
1564393274626157 | 
2127846354711150 | 
887131670336564 | 
1473016780971353 | 
1468275341574269 | 
2980094158851190 | 
2195485564556081 | 
1826229354729993 | 
1825053484850911 | 
1620333825850931 | 
1972506003336736 | 
846682694428732 | 
1322273513046427 | 
1974007957327289 | 
942318858297826 | 
874549405595533 | 
920577444061201 | 
