1378631307310906 | 
812956481319391 | 
1104864974832880 | 
1344081321063916 | 
706611111706772 | 
4008725999438044 | 
25133125949710085 | 
839868015098135 | 
799616792922387 | 
1820169218891471 | 
24121130414229860 | 
1368460624886981 | 
1241177504511968 | 
1291190376092309 | 
25930683086538082 | 
1184674113711814 | 
1197875989057427 | 
1153265106488099 | 
1554760448859939 | 
1018740583733267 | 
1822258651726843 | 
1626983744940928 | 
1626291901678978 | 
1210839157541571 | 
838322032035491 | 
1356106256305740 | 
1227535829392517 | 
1892655474969946 | 
2298129573973489 | 
1568693090965636 | 
827165996624413 | 
1577555663214391 | 
1147895227546224 | 
1601544351389477 | 
983276637600065 | 
1166281448783045 | 
812421344915872 | 
1478036336805438 | 
1454162293107616 | 
808373462034068 | 
1292084192690937 | 
2013650012800967 | 
1974160206696423 | 
2562668240756091 | 
1380755143440883 | 
690985910719955 | 
1829706724525674 | 
1404894957738902 | 
1355348966233038 | 
713788911765405 | 
1500452687898551 | 
1189155810052898 | 
809477898649104 | 
1577606416622627 | 
1984635155743472 | 
2269058806838159 | 
784425241040778 | 
1255241393145696 | 
1430189925216385 | 
1150248133878951 | 
1323325548995972 | 
948656477562344 | 
792818373070578 | 
25908614668825141 | 
1636353891030714 | 
1616069736270281 | 
2110640789748638 | 
1159389092852198 | 
1610940753565059 | 
2976238129497294 | 
904578042496603 | 
1064238215712829 | 
3335298093311060 | 
1612361146471791 | 
1868265520523431 | 
1456024016077293 | 
3924768690991544 | 
788628597175773 | 
875974778819493 | 
2741558316203004 | 
2085163568885632 | 
1638858563943710 | 
1234520848751515 | 
1486843736340044 | 
918198040951686 | 
2143031573178775 | 
922210080660975 | 
1389219416344136 | 
1462314691939079 | 
1528073728918586 | 
4068835886741306 | 
853547547701903 | 
1454510836148641 | 
1380905877142536 | 
4282099868712715 | 
905445755807351 | 
1853832935315690 | 
911228938483782 | 
1471620624299555 | 
977711894842037 | 
3282242271958757 | 
787714087725893 | 
2104918723618165 | 
1314923563795238 | 
1235877678757352 | 
1540232713730824 | 
714341865002473 | 
1628833424976746 | 
1597355051525693 | 
1445029190672323 | 
2039593643302147 | 
938457075593418 | 
25818652021167783 | 
1825150638104666 | 
1636941737340521 | 
928954523258714 | 
2352023865221926 | 
1924863128397861 | 
755507860776092 | 
2083454649173392 | 
950070540876506 | 
1560242585063996 | 
26323939103889088 | 
1414493837141741 | 
845555771495031 | 
1365136408576367 | 
1240617217687523 | 
1461012845628743 | 
1177014611067266 | 
1996036821319961 | 
921676323987992 | 
1412828536790361 | 
32511062011841186 | 
1249974813266284 | 
1593606331806193 | 
1946523172621564 | 
700252149780306 | 
1995760948026990 | 
1652916126126689 | 
1273057831590666 | 
1469786964850049 | 
942565978182754 | 
1440705704448414 | 
904934695867470 | 
1954688575423155 | 
1079674781028747 | 
1467168118167729 | 
1252493617006825 | 
1812406702767408 | 
958242149881396 | 
1887968778494657 | 
935470442367071 | 
1225299192963677 | 
1256171889803685 | 
911213131504242 | 
1239814388281183 | 
1611557006848972 | 
1248802383897839 | 
930647693004871 | 
1247234050284245 | 
26524181907216461 | 
1294930019362816 | 
1419945759617115 | 
1128599262685324 | 
3380753605421064 | 
1246413327679848 | 
1681385519685429 | 
3257080037805356 | 
1226405255887749 | 
1242863981301814 | 
911176231624452 | 
1638966920862088 | 
1462571335413652 | 
2041938626381662 | 
26477333145235706 | 
1985289679008435 | 
805427605935337 | 
2394284707661384 | 
1447969333641868 | 
2164327397669433 | 
2205691406633547 | 
1958549584869949 | 
2735981626760721 | 
1660312188483536 | 
1461236178868438 | 
1929456660990207 | 
2067310924126513 | 
1174291707958046 | 
815805181547379 | 
1485058313290258 | 
1467206391419278 | 
1168856545191438 | 
893032263552063 | 
1475608607395152 | 
1466796278315269 | 
1387637629803864 | 
1212400460668311 | 
763052716880019 | 
2107401633133549 | 
1234205625529014 | 
4415826921985448 | 
1290970749513788 | 
1581473173113916 | 
1697479484566867 | 
1298683838778854 | 
1852484285455473 | 
932360515932253 | 
907731141985956 | 
2014595652799851 | 
1860757707777774 | 
923804926680103 | 
1517528563711149 | 
908883401779701 | 
1093048783011353 | 
1481258293518126 | 
1242103731449249 | 
2014837019067266 | 
1628052055288354 | 
832918276482307 | 
910385248410913 | 
1819879882030005 | 
715690738200268 | 
2140472523393063 | 
1262794989382208 | 
914820064679105 | 
25927194270316079 | 
977493331507754 | 
1236699938443844 | 
950015481294380 | 
1258807402253078 | 
1279529690759750 | 
1583339972756106 | 
1349954476875575 | 
1336780844952053 | 
1918129785572626 | 
3416063388560113 | 
1884167265634205 | 
1409282360515687 | 
4246478862277918 | 
1834008637284671 | 
785735340816324 | 
1559632461792383 | 
1961616841139812 | 
1978985989364997 | 
1090567156576587 | 
2091948138258913 | 
1245996464308274 | 
1527434355707055 | 
952325054158969 | 
2154911418590647 | 
1261929282717082 | 
2142870809849526 | 
