1344081321063916 | 
1820169218891471 | 
1368460624886981 | 
1291190376092309 | 
25930683086538082 | 
1197875989057427 | 
1153265106488099 | 
1018740583733267 | 
2562668240756091 | 
1636353891030714 | 
1616069736270281 | 
1159389092852198 | 
1209337731404701 | 
1610940753565059 | 
2976238129497294 | 
1064238215712829 | 
1612361146471791 | 
3924768690991544 | 
2437444836710281 | 
875974778819493 | 
2741558316203004 | 
1638858563943710 | 
1234520848751515 | 
918198040951686 | 
1462314691939079 | 
1365063028982430 | 
1283392873661950 | 
905445755807351 | 
1853832935315690 | 
2104918723618165 | 
1235877678757352 | 
1540232713730824 | 
714341865002473 | 
2039593643302147 | 
938457075593418 | 
25818652021167783 | 
1825150638104666 | 
1636941737340521 | 
2352023865221926 | 
1924863128397861 | 
755507860776092 | 
950070540876506 | 
1240617217687523 | 
1461012845628743 | 
1177014611067266 | 
1946523172621564 | 
700252149780306 | 
1995760948026990 | 
914108048083711 | 
1652916126126689 | 
942565978182754 | 
1440705704448414 | 
1954688575423155 | 
1079674781028747 | 
1252493617006825 | 
935470442367071 | 
1225299192963677 | 
911213131504242 | 
1239814388281183 | 
930647693004871 | 
1294930019362816 | 
1226405255887749 | 
1638966920862088 | 
26477333145235706 | 
1985289679008435 | 
2164327397669433 | 
1958549584869949 | 
2735981626760721 | 
1660312188483536 | 
1461236178868438 | 
1174291707958046 | 
1168856545191438 | 
1466796278315269 | 
1212400460668311 | 
2107401633133549 | 
1697479484566867 | 
1852484285455473 | 
923804926680103 | 
1242103731449249 | 
982847777659310 | 
832918276482307 | 
910385248410913 | 
1819879882030005 | 
1262794989382208 | 
977493331507754 | 
1258807402253078 | 
1349954476875575 | 
1336780844952053 | 
2142870809849526 | 
940041881768741 | 
