414180735039309 | 
944597147491673 | 
916611113348887 | 
1853650338570613 | 
2128057984398735 | 
1195827879331910 | 
671641052637810 | 
1392394279303618 | 
1335885791389271 | 
891592753347690 | 
2818212625051102 | 
1931302011146533 | 
838755842440532 | 
1610780190366069 | 
3359496364206216 | 
1555764055537536 | 
1205644201761579 | 
2384641488652317 | 
693675699925506 | 
1479398870182541 | 
1079347984107545 | 
1285477703393022 | 
4148559842063791 | 
1550551552714174 | 
961775969757300 | 
2034238140839260 | 
954066173737891 | 
782183744613843 | 
1649265553164359 | 
819950033798712 | 
958664389947702 | 
979223207771252 | 
