566063349310461 | 
504004572480398 | 
1391907149284363 | 
4260872664059079 | 
1571297284092241 | 
708161928956745 | 
1263184715148094 | 
1202743231936111 | 
1621864869010297 | 
2126730934771179 | 
943478338624523 | 
1246765806912398 | 
1292159756101347 | 
917058804378162 | 
906344072137730 | 
1467128624844886 | 
1375331237616543 | 
965309002681030 | 
938284739378462 | 
937225055448808 | 
1258443965638753 | 
3285828324915543 | 
1579302523327983 | 
1390802656068844 | 
1463436968722624 | 
2467530813706038 | 
1221659340183149 | 
2020712132189418 | 
767422483110862 | 
1579032030055916 | 
1977563546165816 | 
937855772447342 | 
3134550470064720 | 
4450648615214622 | 
918183564311570 | 
1995067231438961 | 
1569086751056791 | 
924589423826307 | 
2393343097838542 | 
1567389124322964 | 
911817054819638 | 
922238820521151 | 
902988879035841 | 
927306953373395 | 
1454336876283983 | 
1118465490406164 | 
1282419210467963 | 
952700030517732 | 
25733984846283230 | 
1980561723344003 | 
1999260374347269 | 
1221079086680615 | 
927860383550940 | 
2191470354721846 | 
34493592623618834 | 
1352897482811414 | 
1513528273013394 | 
1629984321482206 | 
1124455512922385 | 
1147981193966831 | 
3266710130144248 | 
919781460560496 | 
1408040563803366 | 
1414177933728450 | 
1783361805604561 | 
2365407917310795 | 
607546939085975 | 
4266897453598461 | 
2418305201948215 | 
872688498701548 | 
774387891699121 | 
1472777750856645 | 
2072630583470481 | 
1193324299264928 | 
1893688738216176 | 
895814562832602 | 
1555954255690016 | 
1389534525764374 | 
699277506260014 | 
1162469758673614 | 
1600859577794530 | 
1208136361364232 | 
2951560595040206 | 
1314783087164897 | 
25910287795321481 | 
1248969146811719 | 
4424303514555869 | 
1494288999145809 | 
1817308825607275 | 
1437426320712887 | 
2354146165052658 | 
2403138120131768 | 
