1571297284092241 | 
1621864869010297 | 
2126730934771179 | 
1292159756101347 | 
917058804378162 | 
906344072137730 | 
1467128624844886 | 
1375331237616543 | 
965309002681030 | 
938284739378462 | 
937225055448808 | 
1258443965638753 | 
1579302523327983 | 
1221659340183149 | 
2020712132189418 | 
767422483110862 | 
3134550470064720 | 
924589423826307 | 
1567389124322964 | 
1118465490406164 | 
1437426320712887 | 
1980561723344003 | 
927860383550940 | 
2191470354721846 | 
1124455512922385 | 
919781460560496 | 
1408040563803366 | 
1783361805604561 | 
607546939085975 | 
872688498701548 | 
774387891699121 | 
2072630583470481 | 
1193324299264928 | 
1893688738216176 | 
895814562832602 | 
1555954255690016 | 
1389534525764374 | 
1162469758673614 | 
2951560595040206 | 
1314783087164897 | 
4424303514555869 | 
1494288999145809 | 
1817308825607275 | 
