1261291558762504 | 
963189439478891 | 
4070414496601979 | 
910410615293234 | 
1474706267702567 | 
1462884122018972 | 
1190924523121653 | 
2492408141213407 | 
1558528578563738 | 
3910065185792083 | 
2913015642237596 | 
852695704488585 | 
1220867303588299 | 
4108042502826506 | 
1251571627071018 | 
2058198495031445 | 
3799909226972011 | 
1588081092438656 | 
1526189989511821 | 
1461493428916682 | 
2116899132402917 | 
1463465112235486 | 
956848427023417 | 
1237748531906765 | 
1344813397457442 | 
1254276526776277 | 
2504323676742477 | 
2318441378663451 | 
2522026638217072 | 
1467168961751382 | 
801963792372204 | 
915520367902365 | 
940205728591043 | 
795620332969041 | 
935233778884574 | 
2667689986949296 | 
890875353997923 | 
941578081610245 | 
902653049206605 | 
929698926222564 | 
865197989881790 | 
917825317804075 | 
1519897949654366 | 
726511737216386 | 
1275934377845590 | 
1260506045475035 | 
4392856110929559 | 
889243620604646 | 
2072986183485049 | 
924623083762061 | 
1390497689514103 | 
1815325822482962 | 
2831949403824738 | 
1441866907604183 | 
1915117482440801 | 
1689304269100248 | 
1488643845961939 | 
25911593585206129 | 
914970408019283 | 
811578894686170 | 
4365412393678517 | 
1839426820056885 | 
3329557553871518 | 
4107176602905729 | 
3544902722314370 | 
2012181706342094 | 
25897961316541613 | 
943981738112487 | 
1259436539487566 | 
