2473510739711229 | 
1480772656965638 | 
1557607975314532 | 
1823545461636751 | 
1255953436601374 | 
780532174358322 | 
1973474640180734 | 
4022184814703539 | 
2365415587272552 | 
1406566230708026 | 
903062595640389 | 
1571776254140985 | 
933459102314382 | 
812118844550869 | 
2569560440111911 | 
1613596699956738 | 
1320812776190084 | 
799749993151212 | 
1504014144388125 | 
930225629366309 | 
1884804242233004 | 
1429505168719113 | 
1404181964337562 | 
1285067960041985 | 
1592605031954955 | 
4262341884005766 | 
1374575224280663 | 
33989215630726073 | 
772319255573957 | 
778498248649418 | 
1641543373522759 | 
1436608611301936 | 
800531635906710 | 
1644166197032499 | 
25643353698677646 | 
35326890283576855 | 
1347501106465705 | 
1418237032957015 | 
1415781173533481 | 
2476692556113447 | 
1480250050278863 | 
942895691571599 | 
2165262177336650 | 
4327874650818011 | 
1586079449150723 | 
1242354454084295 | 
934524035654616 | 
656620470709647 | 
1366577465298537 | 
35188925890706192 | 
1171047368278260 | 
26575033782120375 | 
973375375019549 | 
937027058979765 | 
1483388293439236 | 
1384417033397632 | 
26864849989768380 | 
1622203355668132 | 
1212113250731087 | 
1942811436313680 | 
2957434604452739 | 
1339397331427662 | 
849945044749776 | 
2188085955293194 | 
1423347065633831 | 
1479755606830684 | 
1449287280079303 | 
2177093043121573 | 
1194652602747047 | 
1224795032740552 | 
1420547882885390 | 
1428742095398696 | 
1583643819381061 | 
2857231064621501 | 
952751480582781 | 
