1480772656965638 | 
1557607975314532 | 
780532174358322 | 
1973474640180734 | 
1406566230708026 | 
933459102314382 | 
812118844550869 | 
799749993151212 | 
1504014144388125 | 
1884804242233004 | 
4262341884005766 | 
1374575224280663 | 
778498248649418 | 
800531635906710 | 
1644166197032499 | 
1415781173533481 | 
1480250050278863 | 
934524035654616 | 
1366577465298537 | 
973375375019549 | 
1212113250731087 | 
1942811436313680 | 
1339397331427662 | 
849945044749776 | 
2188085955293194 | 
1423347065633831 | 
2177093043121573 | 
1420547882885390 | 
