1396161478955940 | 
1402629901321911 | 
922687340240173 | 
1481042509534875 | 
971348664983168 | 
1419752599520350 | 
1171602624425647 | 
1401265794483512 | 
1247584520197303 | 
1434285571703600 | 
932177849324664 | 
912747585014651 | 
2157598698028388 | 
826040333781158 | 
1610740566722004 | 
2388753038229840 | 
919066024106726 | 
1723428328241116 | 
1760701894871887 | 
887608490278086 | 
1185106313014888 | 
1185701585938574 | 
3393523580786386 | 
1620010449143307 | 
1776991869858814 | 
705643591968206 | 
34108288235484802 | 
1023434325850604 | 
25107584182204462 | 
2372140726501443 | 
1566428041316700 | 
2306568586480904 | 
1962379750838078 | 
4091078161025340 | 
1729499214271458 | 
1514301413021633 | 
1184218499916403 | 
4227794964144422 | 
977567964189050 | 
1203715231153204 | 
1492847432018250 | 
703796638794271 | 
2626031817593645 | 
1172338537718583 | 
1162444125999453 | 
2947565228769598 | 
1488418378802575 | 
986446976930893 | 
4134485486785968 | 
1026976485950104 | 
1006624901630032 | 
1130016952417381 | 
880572194200425 | 
1780230032538499 | 
1017744446965381 | 
1075736031058796 | 
773390762098228 | 
600113536392810 | 
1461849865292825 | 
1588287808478212 | 
1689302275290884 | 
679724291421655 | 
1000199845393630 | 
1024492709145212 | 
625176397160295 | 
1700043800890604 | 
967061678545267 | 
9737891149596146 | 
2632781346916020 | 
584982897218054 | 
1345838379805028 | 
3173718269448699 | 
1845678515973363 | 
634546056058123 | 
968661772055179 | 
1217732827017313 | 
3994782407445176 | 
1792938164820847 | 
1276939904363698 | 
973170641267836 | 
2072578143317541 | 
3411612815659254 | 
1136511858250430 | 
1987771318454107 | 
1258333972890322 | 
1294105585920704 | 
2131742357293498 | 
2140007770149218 | 
585238263836435 | 
945199531795435 | 
905024095743591 | 
2095103437671965 | 
3247550882094386 | 
2317464482078764 | 
914567174698141 | 
1598047188193979 | 
1492072622435603 | 
1898021150861555 | 
1310593764242151 | 
2138507846985692 | 
1336214131663315 | 
1264951818413937 | 
1271782304927384 | 
920261300419631 | 
1429834528937997 | 
933181822789092 | 
825912663456748 | 
1205674231387115 | 
1625340608495705 | 
1244836290527848 | 
1191247128830515 | 
1090076003068834 | 
2207156823125785 | 
932990689288871 | 
798940169447569 | 
1389022485478275 | 
1685897926154015 | 
2115180069239836 | 
665408509844148 | 
807450948361775 | 
1534146521089210 | 
932428756404113 | 
1023761269820999 | 
812368685064684 | 
1236362861289348 | 
828568952949296 | 
1051251667208996 | 
1697136004602748 | 
876590731408039 | 
843796031465970 | 
606771062193619 | 
1004178001892150 | 
2016468152539263 | 
676672912200940 | 
1438106497834546 | 
910644211392040 | 
868198225985306 | 
1184322650305861 | 
1905642456829500 | 
2138695476943680 | 
1116617803927514 | 
729878756485568 | 
1461823178838749 | 
25127380203535767 | 
2347655942317637 | 
696608403539135 | 
4376330595919493 | 
876662994986946 | 
1858376848415289 | 
965793785798868 | 
698417519850231 | 
1888986185068357 | 
872884459081103 | 
1851374895463639 | 
1125863643055023 | 
2008732623275189 | 
1704508883504332 | 
1934628770484362 | 
849698727407080 | 
907010164994604 | 
1010539524562909 | 
858943050261761 | 
1210922394359487 | 
1231151798938331 | 
24140325908967562 | 
853960970808419 | 
901353112466218 | 
2033364657211063 | 
907981218463689 | 
