1856239401820850 | 
1594022341873521 | 
1435649550869950 | 
1936303917254454 | 
1416840659683320 | 
1296105119033252 | 
930020989531191 | 
769451479356176 | 
816576200849418 | 
1488114132737759 | 
918999710901396 | 
832114879914228 | 
1403355431543752 | 
1594719161817946 | 
825459593185745 | 
1258278286416024 | 
2199289387479742 | 
971585655540740 | 
2085097069006579 | 
948613710938713 | 
25931622959871864 | 
1422022636332548 | 
2508820976182936 | 
963052906152729 | 
1494447462026806 | 
686409071202796 | 
1453583089435814 | 
1489663579478655 | 
2091881495058014 | 
931191525978560 | 
1308551034429064 | 
1246702027435909 | 
1269791864744040 | 
1577332593497896 | 
940783351740412 | 
1274314067994250 | 
904109535867950 | 
801310509698089 | 
1617957299423064 | 
1229863445972093 | 
1592065688909321 | 
933690279308542 | 
831157089996480 | 
1819873252733666 | 
1471115584530161 | 
1453731303208786 | 
959703823146200 | 
3415462438611623 | 
