2028005264731394 | 
2143493113143120 | 
1594507341799635 | 
4200632820218889 | 
786253507264882 | 
738032868776473 | 
1541859046895763 | 
920830240331648 | 
2753813541648338 | 
1239413548259561 | 
827259300374366 | 
1498337978376856 | 
1230668292589929 | 
1451798123165029 | 
1912090552733758 | 
1268297565227371 | 
1286094453384292 | 
2530630280686025 | 
2368536906906778 | 
927437886428059 | 
1175458150956752 | 
1293258475235530 | 
1696744691191514 | 
1525535465122520 | 
2054980411617221 | 
1899112430910914 | 
1389786142549198 | 
1396683928780108 | 
713379251680626 | 
648354357740108 | 
1189784379628837 | 
1417301426809503 | 
1406090510703875 | 
1797715784106922 | 
1303173004591519 | 
2060079874565685 | 
2327131907759348 | 
2108983813187523 | 
619919354091450 | 
1352288035864815 | 
1122462503235598 | 
1015910453690440 | 
1328381848239078 | 
1826248017975996 | 
734382402999786 | 
564847070047572 | 
1759391255460905 | 
1162128342503708 | 
2220343021787196 | 
629833906611226 | 
749243914475763 | 
1514567506293098 | 
1126803262927244 | 
760396513822093 | 
24537914805895612 | 
2094237338055146 | 
2470169920017199 | 
1894111094876198 | 
2436165706783023 | 
1573355730742929 | 
2610018075861965 | 
2194476314330815 | 
25747339954952332 | 
783235951341550 | 
786350507447994 | 
1604955613542520 | 
1323758219187743 | 
970909125212672 | 
1088388040119310 | 
1463964861631072 | 
2007961573438771 | 
1182711510355576 | 
736375802820341 | 
791323697107749 | 
4187588131556665 | 
1256891886329900 | 
1192014599796032 | 
4298025293753401 | 
4426696217608865 | 
2076077076579019 | 
756556720717825 | 
2033704163818430 | 
785741053912123 | 
4310022945809948 | 
9221615351291175 | 
648565438156785 | 
819821180402573 | 
1008870724049723 | 
2101103037397786 | 
1259340492302390 | 
1767968401274435 | 
1551639119415994 | 
822622437208851 | 
719031254490771 | 
3936072479987857 | 
1124742292788776 | 
869953855971909 | 
1110771994536330 | 
1186374193022918 | 
656163447527616 | 
1486827743036451 | 
1170232344644449 | 
1765331434188048 | 
1433191345164719 | 
666109546250479 | 
2458969261165877 | 
1118274709735632 | 
1643035396344741 | 
1115526110215985 | 
2136343083534924 | 
1041592134559674 | 
1041583767814876 | 
938667231932162 | 
864429366583561 | 
1471191271018746 | 
1351367036549154 | 
847962667907425 | 
1077925564351388 | 
4146770285591990 | 
1873826496569743 | 
1190428032620800 | 
1120339546851089 | 
1051643577118909 | 
1854999425060970 | 
4097760113842634 | 
1104662451297492 | 
689986630116130 | 
782596817632683 | 
861312510182889 | 
756877563451115 | 
907199261660350 | 
1438417827915948 | 
1417163129270846 | 
893684163430242 | 
1111561055365771 | 
733303512873602 | 
1502740750933950 | 
1566803027905525 | 
1443228267285664 | 
758868873930190 | 
1224562436207698 | 
1849593418946278 | 
1383261526301580 | 
732584409103746 | 
2389784181479443 | 
1455787052944063 | 
1435080217621104 | 
1579488706384898 | 
1594314125055862 | 
24886741597588493 | 
1212598157523340 | 
1070200681580459 | 
1979091059281702 | 
1632449491475997 | 
2486641988352074 | 
1992385332161931 | 
1642548516775409 | 
797682526531600 | 
943316761378329 | 
2458995157850295 | 
757725737256202 | 
1799625681003787 | 
1305069120979824 | 
1510948300216040 | 
4238573793124533 | 
1140814268120011 | 
9220424371399538 | 
667963819117099 | 
1060803132683514 | 
876844948523964 | 
1139395368350463 | 
1324123242803821 | 
588019404370344 | 
631753769448467 | 
2079652302604735 | 
731638739494302 | 
2901125533573711 | 
607202552190855 | 
1833314687293623 | 
687748043915783 | 
728681442957119 | 
857007097334210 | 
1697563684455598 | 
1520606602383272 | 
701217566361926 | 
761108413589989 | 
1620088659115797 | 
1735415967141912 | 
647606034922025 | 
887272854109820 | 
25471502179174676 | 
1230299658562302 | 
3914482122197698 | 
2470267343404262 | 
2563295490714558 | 
1826564341389584 | 
1178710604248067 | 
1497393718215629 | 
1384432269253730 | 
1714203429296421 | 
2810274759347913 | 
1738385227135233 | 
1919603585606480 | 
25342652068742272 | 
948436917637826 | 
3773551712776135 | 
714820404776045 | 
4399930213583670 | 
1145432847051241 | 
