2143493113143120 | 
4200632820218889 | 
786253507264882 | 
738032868776473 | 
1498337978376856 | 
2530630280686025 | 
927437886428059 | 
1175458150956752 | 
1293258475235530 | 
1189784379628837 | 
2108983813187523 | 
619919354091450 | 
1352288035864815 | 
1122462503235598 | 
1328381848239078 | 
1826248017975996 | 
2220343021787196 | 
629833906611226 | 
1514567506293098 | 
1126803262927244 | 
24537914805895612 | 
2470169920017199 | 
2436165706783023 | 
1573355730742929 | 
2610018075861965 | 
2194476314330815 | 
25747339954952332 | 
783235951341550 | 
786350507447994 | 
1604955613542520 | 
1323758219187743 | 
970909125212672 | 
1463964861631072 | 
1182711510355576 | 
791323697107749 | 
1256891886329900 | 
1192014599796032 | 
4298025293753401 | 
4426696217608865 | 
2033704163818430 | 
785741053912123 | 
9221615351291175 | 
648565438156785 | 
819821180402573 | 
1008870724049723 | 
2101103037397786 | 
719031254490771 | 
3936072479987857 | 
1124742292788776 | 
869953855971909 | 
1110771994536330 | 
1186374193022918 | 
656163447527616 | 
1765331434188048 | 
1433191345164719 | 
2458969261165877 | 
1118274709735632 | 
1643035396344741 | 
1115526110215985 | 
2136343083534924 | 
1041592134559674 | 
1077925564351388 | 
4146770285591990 | 
1190428032620800 | 
1120339546851089 | 
1104662451297492 | 
689986630116130 | 
782596817632683 | 
861312510182889 | 
756877563451115 | 
907199261660350 | 
1417163129270846 | 
893684163430242 | 
1111561055365771 | 
733303512873602 | 
1502740750933950 | 
1224562436207698 | 
1849593418946278 | 
1435080217621104 | 
1579488706384898 | 
1594314125055862 | 
24886741597588493 | 
1070200681580459 | 
1979091059281702 | 
1632449491475997 | 
1992385332161931 | 
797682526531600 | 
757725737256202 | 
1140814268120011 | 
667963819117099 | 
1060803132683514 | 
1324123242803821 | 
631753769448467 | 
857007097334210 | 
1520606602383272 | 
1735415967141912 | 
2563295490714558 | 
1919603585606480 | 
948436917637826 | 
1145432847051241 | 
