1513367129298285 | 
685291341276733 | 
1853101132746789 | 
1240131848186395 | 
1407402910551965 | 
941830814879824 | 
828675410228131 | 
1550536239546154 | 
891594079898231 | 
1490851359121627 | 
905597748530416 | 
1530676395085539 | 
1258852069488958 | 
891762967079435 | 
1575667473703200 | 
1913294022627703 | 
1484169049233442 | 
1108297654526019 | 
1249904227264241 | 
1932942014017604 | 
895910706687326 | 
5312810138943504 | 
2959926554203486 | 
1394385065347523 | 
2790572551280924 | 
808599988632094 | 
3826826194280734 | 
1283701723318629 | 
1234900114730572 | 
1263786985585671 | 
2136994293424837 | 
909715271646874 | 
1416958020067110 | 
1302681361745447 | 
1275142011191563 | 
766043363202404 | 
928259376798390 | 
1941709826717379 | 
1684549366243572 | 
1167252835540334 | 
1966993130918850 | 
1442162874206412 | 
1223583965862668 | 
2137220990398040 | 
1524491048769874 | 
2724680904534707 | 
1282285136707288 | 
891702233679233 | 
3102463323286226 | 
852954390968113 | 
629086739877634 | 
1581373943201784 | 
772742308599055 | 
1822260288478912 | 
25248036608201753 | 
1582326623038517 | 
1921515628464725 | 
1954104482648515 | 
1188270679529916 | 
1750290175632744 | 
1493409875740899 | 
834160459372971 | 
813035374521923 | 
766929146254427 | 
1484256080016822 | 
827813319834570 | 
1328901695069596 | 
840446835687674 | 
1190308789969945 | 
1566627307900124 | 
1573618420546032 | 
1478834393902649 | 
995333320337630 | 
1529017784867614 | 
1343495393342619 | 
892294973156817 | 
875802101980675 | 
1270183935045685 | 
859003193813944 | 
1488951942573482 | 
25367140856258203 | 
1559471891779623 | 
1592240402204722 | 
1903615463887401 | 
1173046728289636 | 
2133344884079016 | 
1224636676151525 | 
857880367332375 | 
1564854351402550 | 
1549732956325116 | 
2116511729137491 | 
819430447646638 | 
34665007119757162 | 
1440572171072741 | 
1265593654956629 | 
1892717514680546 | 
1473325797495398 | 
870839879054876 | 
1351424240158359 | 
2164700294330863 | 
3774916846145109 | 
874148528401749 | 
1446952296905924 | 
1246750890939017 | 
1939057620363897 | 
25056388147391014 | 
1378961293515755 | 
779137845158834 | 
1248527947210033 | 
2355766228235292 | 
1888891031736840 | 
1654348895288432 | 
900625489237134 | 
1368397898200183 | 
1173340791351381 | 
802922712800616 | 
1612396779760043 | 
1712051320175368 | 
1408020464305132 | 
1230737188999284 | 
1782031619170952 | 
1424185919050306 | 
1377324733716097 | 
1284152830235670 | 
1871651986828066 | 
887271473818253 | 
1473844024256659 | 
1417368520170128 | 
893047706703022 | 
25475185822112655 | 
4248180558769865 | 
879964954772846 | 
854712577528631 | 
1661891058133700 | 
2393419544421698 | 
845346584791499 | 
1082567737153393 | 
1246771554014982 | 
1189313719845377 | 
1855951291772029 | 
1939822626933326 | 
1542903677024357 | 
1176869687959974 | 
1244454254464999 | 
1408301724176756 | 
2408350256263073 | 
1548821652967795 | 
1553364522553684 | 
3428060977359372 | 
3507532402744972 | 
4270764423167391 | 
1834872733843806 | 
958911463147988 | 
1260271968857030 | 
1248073310580991 | 
3168367376703450 | 
1418456949726906 | 
799375969400596 | 
765290429571095 | 
961566999738766 | 
1225311819743677 | 
1878570529511804 | 
1217564789875961 | 
1346593157488006 | 
2403966423399764 | 
1081925044055553 | 
2137764266999756 | 
1442664853932886 | 
1462789725464668 | 
854554620929798 | 
843644285315624 | 
943480195277829 | 
2040314820215621 | 
786774243823086 | 
1002313625701918 | 
901902515634833 | 
1422998866126018 | 
1004259968235757 | 
1405078191259541 | 
879146834974868 | 
927831392980064 | 
1591956855186952 | 
1892744314950210 | 
4352904441613917 | 
948072341207668 | 
1254439622941675 | 
1681892636304472 | 
1884984598891384 | 
31509621142016289 | 
1514964330194813 | 
4075487169379461 | 
920688980539978 | 
1421044116336934 | 
1089642773265938 | 
965751702776017 | 
1398538245277820 | 
919974041035533 | 
1658138384901547 | 
922686053621700 | 
1446439970266077 | 
936510159101268 | 
1663557314637310 | 
1740336657371849 | 
1286674535952513 | 
2455678271560653 | 
874693464908727 | 
2247764462394966 | 
917250997720874 | 
1445932873837994 | 
1194096399321738 | 
1198391742174393 | 
1307678011058783 | 
937371525542017 | 
2059067558277150 | 
1392951074932943 | 
2004028467217432 | 
1616057486251624 | 
4443508165884819 | 
1422392162483928 | 
1850608168977513 | 
1705798670404257 | 
1922780321709879 | 
2267355014121274 | 
868903289518472 | 
2448231682306288 | 
939403742362401 | 
853065997192417 | 
1638789933985654 | 
983285761040985 | 
1633490284499179 | 
1131759712385941 | 
965742682553717 | 
2117778265827246 | 
2320659455084234 | 
935057636164261 | 
1444979120702878 | 
2116709939150843 | 
2105049610293041 | 
898593146273178 | 
1589572722387728 | 
1416478126595310 | 
