1407402910551965 | 
828675410228131 | 
905597748530416 | 
1484169049233442 | 
1249904227264241 | 
895910706687326 | 
2959926554203486 | 
2790572551280924 | 
1283701723318629 | 
1234900114730572 | 
1263786985585671 | 
909715271646874 | 
928259376798390 | 
1966993130918850 | 
1223583965862668 | 
2137220990398040 | 
1524491048769874 | 
2724680904534707 | 
3102463323286226 | 
629086739877634 | 
1581373943201784 | 
772742308599055 | 
25248036608201753 | 
1582326623038517 | 
1954104482648515 | 
1188270679529916 | 
1493409875740899 | 
834160459372971 | 
827813319834570 | 
1566627307900124 | 
1573618420546032 | 
1529017784867614 | 
892294973156817 | 
1270183935045685 | 
859003193813944 | 
1488951942573482 | 
1559471891779623 | 
1592240402204722 | 
1903615463887401 | 
1173046728289636 | 
1224636676151525 | 
2116511729137491 | 
819430447646638 | 
34665007119757162 | 
1440572171072741 | 
1265593654956629 | 
1892717514680546 | 
3774916846145109 | 
874148528401749 | 
1246750890939017 | 
1378961293515755 | 
1248527947210033 | 
1888891031736840 | 
1654348895288432 | 
900625489237134 | 
1368397898200183 | 
1173340791351381 | 
802922712800616 | 
1612396779760043 | 
1712051320175368 | 
1230737188999284 | 
1424185919050306 | 
1284152830235670 | 
1871651986828066 | 
887271473818253 | 
1473844024256659 | 
1417368520170128 | 
25475185822112655 | 
4248180558769865 | 
854712577528631 | 
2393419544421698 | 
1939822626933326 | 
1176869687959974 | 
1244454254464999 | 
1408301724176756 | 
1548821652967795 | 
3428060977359372 | 
3507532402744972 | 
4270764423167391 | 
1260271968857030 | 
961566999738766 | 
1225311819743677 | 
1878570529511804 | 
2403966423399764 | 
1422998866126018 | 
1405078191259541 | 
879146834974868 | 
1514964330194813 | 
1089642773265938 | 
965751702776017 | 
1446439970266077 | 
1663557314637310 | 
874693464908727 | 
2247764462394966 | 
1194096399321738 | 
1307678011058783 | 
1392951074932943 | 
2004028467217432 | 
1616057486251624 | 
4443508165884819 | 
1422392162483928 | 
6867524320034420 | 
2448231682306288 | 
939403742362401 | 
965742682553717 | 
2320659455084234 | 
