2531055407255467 | 
1338133381649076 | 
1761069361468124 | 
914347774250304 | 
1106802114595152 | 
1423639449006391 | 
1464425542068166 | 
1249738020232283 | 
891929413341865 | 
1092593346047763 | 
1563790871265745 | 
1029175002753337 | 
31425179243762086 | 
2000201947389105 | 
1199023358817317 | 
2652137954990640 | 
675590561607546 | 
761010666518222 | 
1756261241644604 | 
2016542222223700 | 
1939623326929476 | 
1493114185151460 | 
1446037380037996 | 
1091144469851604 | 
2829020427293662 | 
1342866574281688 | 
1796322024342502 | 
1346830037217840 | 
1556949728664086 | 
1237715897729882 | 
2874174566113268 | 
2304494503346048 | 
1742969053326677 | 
2132193697609193 | 
443303572211778 | 
1672523750383417 | 
1406074684235172 | 
895498956284814 | 
1711738893139031 | 
2037560613764311 | 
946210257687282 | 
846015147940897 | 
4003737366547625 | 
1992084084939226 | 
851571737831028 | 
2618074445239472 | 
805995212297070 | 
2188041314991359 | 
816281484072285 | 
3787775874849493 | 
1723173009066237 | 
1085494850444953 | 
814943688245268 | 
735696502641424 | 
1600059404673137 | 
1372381024551775 | 
1852480055629538 | 
1901610537118812 | 
2111930379616506 | 
818127931058907 | 
1286377136295430 | 
1189218333079523 | 
798648815955861 | 
756807516962507 | 
1303416738498593 | 
2550266565326467 | 
1796029974637715 | 
605328269299510 | 
1188850530044467 | 
689096520922947 | 
3171543739712515 | 
1111278494343019 | 
1191801586326716 | 
2181547222311081 | 
820115634511773 | 
864564036402286 | 
1158880333057495 | 
869394585425212 | 
836710102026446 | 
1376005493727984 | 
1487541618969457 | 
1889057991972108 | 
1868295870732532 | 
1592698005321449 | 
30868919732722911 | 
1780317325946138 | 
1924876131456907 | 
1164097562331208 | 
695363176894181 | 
1995925624285824 | 
1922616551834979 | 
1661364044544689 | 
796121339811997 | 
620863941101425 | 
752988744296412 | 
837819929050963 | 
883997350986287 | 
1450965976104668 | 
1252483889968365 | 
4405601536325629 | 
707742692412611 | 
4031840067128717 | 
1407184224373658 | 
865211309238231 | 
1448108673066089 | 
946135291311993 | 
750100324386385 | 
1563266391487516 | 
1407600940408320 | 
1287282146066050 | 
1197391512052342 | 
624899503975585 | 
2173538476456899 | 
1991669245110117 | 
667024042954918 | 
24919305697765426 | 
2598171063886054 | 
1744102723163785 | 
670518472064565 | 
928161272840732 | 
1409680860850865 | 
1087393370167181 | 
1815625845769467 | 
4360908684140056 | 
1210722844536128 | 
1746892779291284 | 
1416137079473484 | 
1320268206332322 | 
1403190794097226 | 
1138238895026438 | 
1262189142221891 | 
1038812955099779 | 
1390982962519534 | 
880052907839491 | 
4166474570287993 | 
1259857909295766 | 
25948760308149181 | 
892592596632974 | 
1656591755018558 | 
1957222861715258 | 
796790270023787 | 
866528572453920 | 
1283090580498193 | 
929776809792457 | 
1430095255406894 | 
1174592454877912 | 
1430161532064209 | 
1627135774760554 | 
1369408864852394 | 
1391344292399706 | 
1961447107788071 | 
754828037282756 | 
791476123968650 | 
1954884011964716 | 
869407402194532 | 
1079600864379293 | 
793722733790571 | 
4039610949625977 | 
1332673818048714 | 
2578291042520620 | 
1189380033000660 | 
1360485475684718 | 
917957647324959 | 
730097970156414 | 
2076598723167591 | 
1386637452409629 | 
1829847577618455 | 
1510467840178801 | 
711839798447027 | 
1350806603404542 | 
807626595281097 | 
1280470434097022 | 
1124301739631580 | 
756011370139348 | 
2023744054831110 | 
879801927780374 | 
3262659930567739 | 
1441924331049731 | 
1441136013704860 | 
1446128079840428 | 
2006717936946833 | 
2413263329102771 | 
859031029873359 | 
4094959624101453 | 
1233700051971554 | 
1147545750698610 | 
2724788617854338 | 
745243368390431 | 
1375687344032533 | 
1800043460688587 | 
899505016275219 | 
704733115902245 | 
24609572372005962 | 
4150801791848202 | 
2032721670913808 | 
882145494556882 | 
1478860510104158 | 
1448804900201106 | 
787956910339386 | 
1703327323993178 | 
1046450964158684 | 
1138129384878791 | 
3743559105939453 | 
1163179152427655 | 
1452272826015869 | 
4120666168214748 | 
1561173258524932 | 
908934824790821 | 
1435397438098376 | 
648197754994730 | 
1093909755970929 | 
2102477730590418 | 
1129456815940855 | 
1044506731125526 | 
1462655418157864 | 
729950946100713 | 
1297163385515372 | 
4229397827316392 | 
1395045222092938 | 
711159318587251 | 
746023198386519 | 
769517509139382 | 
1150665180441365 | 
828394473527985 | 
1194382685950780 | 
1715899962397733 | 
1962622787925730 | 
1927832931504263 | 
1756000095077726 | 
839734115514666 | 
1068222432000964 | 
1691215188207157 | 
1822202381837966 | 
1899133297590930 | 
709680658561605 | 
1438541961021273 | 
1722765605034815 | 
1383483020091862 | 
1509091773703205 | 
2039657763527870 | 
895167189548848 | 
1698079267518156 | 
2853111375078439 | 
1372760780672896 | 
4244172082485010 | 
1670824630991267 | 
24905892692338203 | 
1153211330055566 | 
1433288551697969 | 
795557843164589 | 
1180795120312447 | 
1375834727038323 | 
1923583148365220 | 
23995713953419988 | 
32369189979392835 | 
2075335483205053 | 
2036795483785404 | 
1333448061410634 | 
793514410480971 | 
1133231339013006 | 
1255564342494244 | 
2252725525246752 | 
857999776885982 | 
1756903661676361 | 
1039586841493153 | 
1092868965729731 | 
850453107985138 | 
900907365707571 | 
1174823684456159 | 
1327463742391338 | 
764456022809509 | 
1202805701699515 | 
1230747975836788 | 
1461548868505848 | 
1388945212772116 | 
823256907148196 | 
1533053447705108 | 
842069668649406 | 
1176271597610395 | 
1723708684988200 | 
1859087784976237 | 
1322086575893008 | 
1377884897185926 | 
1236766994784460 | 
787825710252242 | 
802909179313917 | 
744387025375793 | 
2305199293245963 | 
1230719598955294 | 
1096220589078512 | 
716365568187501 | 
1190606576287653 | 
1849148075723040 | 
4323980704546831 | 
803192189288637 | 
659716300485214 | 
1276168677429877 | 
1895467401026841 | 
1161010298936353 | 
1409939454110604 | 
31338966852416065 | 
1273970301435317 | 
3639510603018269 | 
781871271617529 | 
840130155079144 | 
1129204639422524 | 
1270789294811210 | 
1455799462845367 | 
30669295826052333 | 
1722656241655572 | 
1487357382545530 | 
1354872712746386 | 
4040029422912944 | 
1354619566313551 | 
806888189030907 | 
2615386388822221 | 
1183480320406336 | 
1186389397030645 | 
803810266030525 | 
1948187782648351 | 
736146219192606 | 
1201731775153990 | 
1274239541276269 | 
1596837838064452 | 
1099660565448549 | 
735662209243435 | 
1573420463675935 | 
800421332660551 | 
1804925760215539 | 
25311499615158332 | 
1865842214141898 | 
859805176614689 | 
26138276159195185 | 
854380580341604 | 
1619843449002314 | 
10048765338561937 | 
1858006101576845 | 
1432833597774227 | 
1304818781689457 | 
3170935709738812 | 
834263658926890 | 
1712509156111850 | 
758510353328470 | 
1648123709885550 | 
798939019371508 | 
1435231674995774 | 
690715377337551 | 
1453067909790312 | 
917183364031757 | 
3381392478714975 | 
1222772793322352 | 
1820596121999724 | 
781951241503215 | 
1408996417607724 | 
1889531761916540 | 
793928303053281 | 
1238025031706198 | 
25723552407309126 | 
892595036954095 | 
1828385324777068 | 
1618475605945519 | 
773612872348693 | 
1406892140612844 | 
1314492777088093 | 
1210563151000723 | 
1565008221166135 | 
1505542803770968 | 
779425444538312 | 
1503507377388412 | 
765810539740573 | 
1261452292837271 | 
1168253305009210 | 
2166276493895635 | 
746854581032230 | 
911597724553542 | 
1764602804418602 | 
753573767512585 | 
26020960214158775 | 
1538756893861657 | 
865222692702189 | 
1524514702313801 | 
815989694792486 | 
2052879582144496 | 
609323022012056 | 
1123916123014301 | 
1648486509461175 | 
1660547697966039 | 
1574000510590801 | 
909460528218694 | 
860858316316987 | 
880698531347946 | 
1278152090766659 | 
4097901867127902 | 
1770332430290905 | 
1170255634933041 | 
846222211226612 | 
1520215362580096 | 
2605151966516084 | 
1142163661445410 | 
725513456976806 | 
873605211986902 | 
1476537116678448 | 
1917384619128716 | 
859210826487278 | 
1652431182791950 | 
860293056925962 | 
892560926749088 | 
1569656817395776 | 
2467187370368019 | 
817419607568990 | 
916945077701951 | 
1148258240540138 | 
1538057337477963 | 
1411041040167936 | 
1246686623489209 | 
1412174026514122 | 
819177200782774 | 
864740929438471 | 
1254496452886811 | 
1373192984282259 | 
924208140321820 | 
1386665812631593 | 
1434738444441678 | 
1251299263724274 | 
1811196162865066 | 
1293905599331154 | 
1316243506786188 | 
1521645819114271 | 
1946607769588297 | 
1982418429351117 | 
3111687279038435 | 
1088622076799327 | 
964473539438857 | 
1431839067938810 | 
1435237361143797 | 
979010005303177 | 
585683857844199 | 
806204502538627 | 
2029925644474995 | 
554152107691064 | 
789777193965307 | 
4203570523293012 | 
