2531055407255467 | 
1338133381649076 | 
1249738020232283 | 
891929413341865 | 
1563790871265745 | 
1199023358817317 | 
2652137954990640 | 
675590561607546 | 
1756261241644604 | 
1939623326929476 | 
1493114185151460 | 
1446037380037996 | 
1091144469851604 | 
1796322024342502 | 
1346830037217840 | 
1556949728664086 | 
2304494503346048 | 
895498956284814 | 
1711738893139031 | 
4003737366547625 | 
1992084084939226 | 
805995212297070 | 
2188041314991359 | 
816281484072285 | 
735696502641424 | 
1852480055629538 | 
1901610537118812 | 
798648815955861 | 
756807516962507 | 
1796029974637715 | 
689096520922947 | 
3171543739712515 | 
2181547222311081 | 
1158880333057495 | 
836710102026446 | 
30868919732722911 | 
1780317325946138 | 
1924876131456907 | 
1164097562331208 | 
1995925624285824 | 
1661364044544689 | 
796121339811997 | 
837819929050963 | 
883997350986287 | 
1450965976104668 | 
1252483889968365 | 
4405601536325629 | 
4031840067128717 | 
865211309238231 | 
1407600940408320 | 
1287282146066050 | 
2173538476456899 | 
667024042954918 | 
24919305697765426 | 
2598171063886054 | 
670518472064565 | 
928161272840732 | 
1087393370167181 | 
4360908684140056 | 
1210722844536128 | 
1746892779291284 | 
1416137079473484 | 
1403190794097226 | 
1138238895026438 | 
1262189142221891 | 
1038812955099779 | 
880052907839491 | 
4166474570287993 | 
1656591755018558 | 
796790270023787 | 
1627135774760554 | 
1369408864852394 | 
1391344292399706 | 
1954884011964716 | 
1332673818048714 | 
2578291042520620 | 
1386637452409629 | 
1829847577618455 | 
1124301739631580 | 
2023744054831110 | 
879801927780374 | 
1441924331049731 | 
1441136013704860 | 
1446128079840428 | 
1147545750698610 | 
24609572372005962 | 
4150801791848202 | 
2032721670913808 | 
1448804900201106 | 
787956910339386 | 
1046450964158684 | 
1452272826015869 | 
908934824790821 | 
648197754994730 | 
1093909755970929 | 
2102477730590418 | 
1129456815940855 | 
1462655418157864 | 
729950946100713 | 
4229397827316392 | 
1395045222092938 | 
711159318587251 | 
746023198386519 | 
769517509139382 | 
1150665180441365 | 
1962622787925730 | 
1927832931504263 | 
1691215188207157 | 
1822202381837966 | 
1899133297590930 | 
1509091773703205 | 
2039657763527870 | 
895167189548848 | 
1698079267518156 | 
2853111375078439 | 
1372760780672896 | 
4244172082485010 | 
1180795120312447 | 
23995713953419988 | 
32369189979392835 | 
2075335483205053 | 
2036795483785404 | 
793514410480971 | 
1092868965729731 | 
1174823684456159 | 
1461548868505848 | 
1388945212772116 | 
823256907148196 | 
842069668649406 | 
1176271597610395 | 
1859087784976237 | 
1322086575893008 | 
787825710252242 | 
744387025375793 | 
716365568187501 | 
1190606576287653 | 
1849148075723040 | 
4323980704546831 | 
803192189288637 | 
659716300485214 | 
1276168677429877 | 
1895467401026841 | 
1161010298936353 | 
1409939454110604 | 
31338966852416065 | 
3639510603018269 | 
781871271617529 | 
1129204639422524 | 
1270789294811210 | 
1455799462845367 | 
30669295826052333 | 
1487357382545530 | 
1354872712746386 | 
4040029422912944 | 
806888189030907 | 
2615386388822221 | 
1948187782648351 | 
736146219192606 | 
1274239541276269 | 
1596837838064452 | 
1099660565448549 | 
800421332660551 | 
1804925760215539 | 
859805176614689 | 
26138276159195185 | 
854380580341604 | 
1619843449002314 | 
10048765338561937 | 
1432833597774227 | 
1304818781689457 | 
834263658926890 | 
1712509156111850 | 
798939019371508 | 
690715377337551 | 
1453067909790312 | 
737334722526436 | 
917183364031757 | 
1222772793322352 | 
1820596121999724 | 
1408996417607724 | 
1889531761916540 | 
793928303053281 | 
25723552407309126 | 
892595036954095 | 
1406892140612844 | 
1314492777088093 | 
1210563151000723 | 
1565008221166135 | 
1505542803770968 | 
1503507377388412 | 
765810539740573 | 
1261452292837271 | 
1168253305009210 | 
2166276493895635 | 
746854581032230 | 
1764602804418602 | 
753573767512585 | 
26020960214158775 | 
1538756893861657 | 
865222692702189 | 
1524514702313801 | 
2052879582144496 | 
1123916123014301 | 
1660547697966039 | 
1574000510590801 | 
909460528218694 | 
860858316316987 | 
880698531347946 | 
4097901867127902 | 
1770332430290905 | 
846222211226612 | 
2605151966516084 | 
1142163661445410 | 
1652431182791950 | 
860293056925962 | 
892560926749088 | 
1569656817395776 | 
2467187370368019 | 
916945077701951 | 
1148258240540138 | 
1538057337477963 | 
1246686623489209 | 
1412174026514122 | 
819177200782774 | 
864740929438471 | 
1254496452886811 | 
1373192984282259 | 
924208140321820 | 
1386665812631593 | 
1251299263724274 | 
1293905599331154 | 
1316243506786188 | 
1982418429351117 | 
3111687279038435 | 
1088622076799327 | 
1431839067938810 | 
1435237361143797 | 
727877480012594 | 
585683857844199 | 
554152107691064 | 
789777193965307 | 
4203570523293012 | 
