1385735736271578 | 
965027712865429 | 
1671703864243026 | 
523499670852579 | 
781727801676307 | 
2129329071227222 | 
952488927136185 | 
4095609897338762 | 
2967730443418096 | 
772735345607233 | 
765959329325640 | 
947524081266766 | 
1903295373873327 | 
1886961521796866 | 
1939478663350956 | 
2040263400037741 | 
936134282674356 | 
1432298528035733 | 
1448941196726001 | 
1083562427043724 | 
1319020762946735 | 
1273082285016428 | 
1803255753677062 | 
905265952138503 | 
848483104917149 | 
2750751925263802 | 
873865155646753 | 
1619529735953639 | 
2110701436394284 | 
1373077614835276 | 
1587063445905697 | 
1428596455422129 | 
1168462628531929 | 
1465839594892782 | 
26067645319569155 | 
2083607219152457 | 
1253969502970871 | 
800430343112122 | 
1991944591701643 | 
1257385333012740 | 
1900953003866338 | 
2159144104862071 | 
1441476394385506 | 
1627233558224610 | 
2147419649340407 | 
948648811047413 | 
792768563428337 | 
4621598214793460 | 
911752395102648 | 
25916699754680141 | 
2341833202973404 | 
2367595543753210 | 
1995779141151225 | 
2201714697028112 | 
909467842059076 | 
1258335445739577 | 
1585028819464029 | 
765845566349452 | 
670823085632653 | 
1302083998385230 | 
1360775702433886 | 
2830733673983586 | 
4349561818660523 | 
2613602602341174 | 
1626987934968023 | 
979682117242277 | 
911247554618905 | 
1343256887567553 | 
842806745161198 | 
856641664031619 | 
1861861077696258 | 
808247111694873 | 
1158629939508204 | 
2862319127281058 | 
1395239429279781 | 
2933253620217555 | 
1978001649815707 | 
4285934125014229 | 
1211624547415718 | 
1413292950213701 | 
888962323689978 | 
1993215958271512 | 
2116823142420739 | 
2009325509651040 | 
921061153741381 | 
1482587856377185 | 
1974454349988675 | 
4440318262961356 | 
1871382327588025 | 
927953876290055 | 
25901976232790106 | 
2458950037819748 | 
1619095629118656 | 
919309170439226 | 
867518345672247 | 
1340624330405377 | 
1530161501534626 | 
2123365295076384 | 
782189057771605 | 
1137873515168693 | 
1429678718296722 | 
750739397762408 | 
695217243583087 | 
1160955638740145 | 
3092074587617719 | 
1067235725485005 | 
781083034502627 | 
1438496597455949 | 
689057623588944 | 
1123105599336870 | 
1873910716671970 | 
1834960353821581 | 
1311698136918956 | 
2534922623541575 | 
1139783531275944 | 
2149621069121308 | 
1407878311351190 | 
949815897474186 | 
2544635195919589 | 
1210546961167378 | 
1686059775391617 | 
1841205986822365 | 
1315860323702967 | 
939255885331952 | 
1262810035015356 | 
1424561439345651 | 
2264636690652080 | 
1320018872970974 | 
24263393213340903 | 
830618619958774 | 
1436171141354877 | 
1411585183832761 | 
773572882238432 | 
4257442064491164 | 
697183906052456 | 
742469785075652 | 
1342942583855214 | 
2077641962767619 | 
24308059288820675 | 
1947041612716457 | 
1646871052963140 | 
1723655811948511 | 
655804890185681 | 
1901563250715817 | 
1148243347379428 | 
2983538485185426 | 
1313755960797966 | 
3774147106227298 | 
2447111969039237 | 
1502575034207201 | 
1399533867773199 | 
1515145136154744 | 
1253566193323308 | 
932119249540007 | 
931723742682879 | 
1429762482133415 | 
1513799222945910 | 
1818124658908301 | 
929820113557693 | 
4273942196209350 | 
1370028030944584 | 
2290571564722921 | 
26248814524760696 | 
1424967502642180 | 
1807724029845793 | 
24441121952233112 | 
1466076921122416 | 
4328360234063888 | 
1784913152287697 | 
794378043213520 | 
1221963376531783 | 
1191408426314720 | 
680105288323034 | 
1911243372771593 | 
27262409793349244 | 
793696613122212 | 
902139235915939 | 
1180439807462683 | 
2003523380501637 | 
1552007879254908 | 
4075683079414837 | 
1644232353215108 | 
913468601028008 | 
2717257495295194 | 
952339953984532 | 
1194819822573207 | 
1676593007042452 | 
25332873402979523 | 
1118262637102220 | 
708628858889470 | 
1562909871577535 | 
917606820968732 | 
1407958107642189 | 
1912044049339452 | 
2202231883587689 | 
24846100128318326 | 
1241434547348451 | 
1999249157601299 | 
1430155215429293 | 
1398588528416752 | 
1765581184057300 | 
1285036970097784 | 
774194205067262 | 
1106775738207426 | 
2186905275151941 | 
1869334896994367 | 
1271269894739575 | 
1385903746475348 | 
23997844466492616 | 
815777234357208 | 
1497973221446737 | 
1490188868869135 | 
1154366193501601 | 
1349876026970720 | 
919367717624964 | 
1630438038093203 | 
1916774062211995 | 
1049892300296993 | 
1516568149474738 | 
1488463645983710 | 
1973474516859224 | 
974748961124720 | 
1232278535019600 | 
2183560368800642 | 
1622163342320456 | 
1771441443564334 | 
4190420301198779 | 
1460430425065781 | 
1788566785098079 | 
693275836574481 | 
871030509321788 | 
1856975735213104 | 
796353426137334 | 
1099911952304168 | 
787256531035802 | 
26243101188613759 | 
1359734949000050 | 
1575488170354611 | 
901785545527584 | 
821455743889514 | 
4047552185505651 | 
1128967042784412 | 
941883711551423 | 
2036277663823806 | 
775317005104280 | 
1448167306639273 | 
1549241436144198 | 
771660955924623 | 
1801045080500822 | 
1449584749668459 | 
1159776916287943 | 
1367628611654066 | 
1485669285886311 | 
1352532162882783 | 
1910585189723768 | 
903162149364965 | 
1274211998069428 | 
575527555527395 | 
881380274317158 | 
1481831506470982 | 
1331993675218447 | 
1806665289928250 | 
1326301755815789 | 
1209715034638824 | 
771065705746054 | 
1151169986881153 | 
1431525758064374 | 
1676238693391912 | 
1988347718609768 | 
1881417976055359 | 
733507189657970 | 
1530497618007469 | 
1372257421251385 | 
2185160678624926 | 
800240372850118 | 
773043745816241 | 
1622166242141033 | 
1597694071277763 | 
772332841927803 | 
1436690997808767 | 
915603107722122 | 
1452699883215494 | 
719621797784828 | 
1515445289471974 | 
24689040194110403 | 
681151925014737 | 
1276627211198922 | 
1263906788958963 | 
1991102195066238 | 
24244047655235397 | 
890266803633045 | 
895538226555640 | 
2063512447792120 | 
1101616455264980 | 
980442751822127 | 
872519935651430 | 
844836907921043 | 
741720368923390 | 
954597603755314 | 
1355723555526622 | 
1441422600283869 | 
2048864939303359 | 
1583746119415115 | 
1390936838835368 | 
1966125737300855 | 
1391756475851946 | 
4144245282514522 | 
722041397579526 | 
663260299972208 | 
918795803937043 | 
26382686358023775 | 
1772471213426390 | 
2126875018123435 | 
26349798651304331 | 
767961829383671 | 
1782584472627305 | 
905291228861324 | 
23973223629026944 | 
1354773139644989 | 
1258537606075755 | 
656702747494458 | 
1847266315824051 | 
1006625664996855 | 
1955561795333160 | 
1932288703997992 | 
2091705224974819 | 
1537094707539244 | 
817867200653914 | 
1419104109156873 | 
901686302622779 | 
1108244214772321 | 
770564602456820 | 
1896379994416001 | 
1889030935349779 | 
1233764862193182 | 
787248347425619 | 
1119574053647260 | 
2009790289847133 | 
1476871733392288 | 
839163388723916 | 
1376591034098290 | 
1507698993885947 | 
1293586872437488 | 
1420965959132632 | 
933727669192489 | 
1916047395625628 | 
2971919826350131 | 
768147755787746 | 
1614630589911726 | 
1302351334687111 | 
2287882134982399 | 
769581556102140 | 
821740223594924 | 
3427735124067086 | 
853842857218022 | 
881016148264129 | 
1435535238246774 | 
1552830335948406 | 
1922811655162154 | 
1280364753964912 | 
2189261184906177 | 
794060483250552 | 
24447878051499720 | 
1247154050501225 | 
1237720994421795 | 
1253320369557942 | 
791076203662785 | 
1337565734278731 | 
943495414695148 | 
1137433094933271 | 
2785459945130825 | 
1322757832835304 | 
1130204225638420 | 
1032892922367675 | 
808974821768284 | 
1844214066506881 | 
1442509273635871 | 
790741546763866 | 
1516564412997094 | 
774179385393330 | 
1915624656054696 | 
2191750621234998 | 
1141495521250868 | 
1245190634420310 | 
1567929997621808 | 
1886315688761610 | 
1504552630889363 | 
820923384278302 | 
849401754797586 | 
1467106391596769 | 
808457912093382 | 
1701740213846012 | 
818267700638653 | 
881648314706786 | 
2093511994389097 | 
848136171294649 | 
1099577932092167 | 
1852469608640401 | 
1301970848413434 | 
1133374435676366 | 
920134543893174 | 
1537862504154899 | 
882983081043543 | 
785846114458317 | 
1305047547897724 | 
2590549517966306 | 
827270883195744 | 
1259658502056692 | 
1843619763013967 | 
1613602539631434 | 
1111928100807266 | 
2155593108261294 | 
1193154569584329 | 
25141559562153050 | 
1519906775996969 | 
745684955141425 | 
882479094602807 | 
1176764364550676 | 
997793753421634 | 
1817657402288965 | 
1808309959771771 | 
2000562647541491 | 
1169444171666703 | 
1187084223244001 | 
793261483091214 | 
820208607434306 | 
1301494614991469 | 
1119468066727720 | 
791167856708321 | 
1353983299483702 | 
35280944501504455 | 
2606276863048547 | 
724592197269383 | 
1990885361827329 | 
1826714501307188 | 
1169627701556074 | 
1489448912753711 | 
1720598035318781 | 
2794714830727612 | 
678135405275832 | 
939090131875864 | 
2412400652489740 | 
1722600718409088 | 
1825523482171964 | 
792370673585639 | 
1351113606792478 | 
1383886486740378 | 
2059170491158062 | 
1848237249381345 | 
1413905886636179 | 
877836714785919 | 
1350491070034056 | 
822187173702766 | 
2698419940503423 | 
1211711100763562 | 
2479547502415143 | 
1070503324877964 | 
774145469082163 | 
3811237712505388 | 
1343869917353870 | 
1283905176347118 | 
1618145386234687 | 
1371253031063813 | 
2073865896475659 | 
1325655645867445 | 
757578700491607 | 
1590635788473281 | 
903852922422780 | 
1236139795382421 | 
2198897520611825 | 
805852719048750 | 
1930033244530386 | 
846456254728118 | 
816106767942610 | 
1137326895104252 | 
2239705003211821 | 
1498817021403660 | 
741935242101882 | 
1308669304034006 | 
3135404556639528 | 
2225442504591470 | 
773289525326404 | 
3296186383871877 | 
25835818449450468 | 
1349728506567844 | 
1281224870416074 | 
1085450086350418 | 
1650105456318309 | 
884897670824400 | 
1715637016476609 | 
2083089799199806 | 
868812518882282 | 
1159140569684159 | 
1308490041311948 | 
1799472760940984 | 
764411896578832 | 
1344622010339296 | 
2584105431952965 | 
1289384203089795 | 
2032753900809769 | 
24382294138127284 | 
1751910959024964 | 
2241037386398459 | 
759399036735488 | 
769014512385032 | 
1311143263806582 | 
1314525210440864 | 
1223873212839987 | 
1521552728891215 | 
1236981548549097 | 
862495332792566 | 
871248099280084 | 
24631167976502996 | 
1957421091778890 | 
1326973009010234 | 
1535574110812141 | 
1251353610094154 | 
1126503445661382 | 
798067193163003 | 
2322086891594886 | 
1331867691949990 | 
1485917522447322 | 
1955035245059343 | 
1176872357857860 | 
3040576606124456 | 
885342437503626 | 
1329839078808462 | 
1337258517769906 | 
810507558019062 | 
2145105099312740 | 
2830206913986386 | 
1334017468133491 | 
2019887332177790 | 
791394893613814 | 
875716945115344 | 
1118914183445707 | 
31445343471780208 | 
4234526846814540 | 
1156731803330513 | 
821531143878349 | 
2741255889559638 | 
1190779166351544 | 
1330417362127543 | 
1794764604466196 | 
680054861797329 | 
1377327207151144 | 
2720780358286203 | 
1781062189945528 | 
1444204480202562 | 
1277933467739565 | 
2182683958925993 | 
1988858745296445 | 
1385867283292411 | 
1740120809971540 | 
712668738117669 | 
1754535718581283 | 
2092003824978203 | 
1318623619612376 | 
1396217278813166 | 
852353984015528 | 
701896472616658 | 
1653813569124889 | 
1566877880984540 | 
826147330099477 | 
2294837967696624 | 
2529818287395721 | 
840230218365505 | 
1296430879009137 | 
903635745982138 | 
732188159691786 | 
735425096330941 | 
1264083345273899 | 
929314609757801 | 
32453644040950238 | 
1770774960500600 | 
740755415569446 | 
2853083625032590 | 
1346851890232923 | 
694116717010507 | 
2339879523138188 | 
3788577324776883 | 
769646455496508 | 
778540771817333 | 
1194431535840369 | 
1077315987815601 | 
1146916350670248 | 
941777249010856 | 
1360477969215272 | 
1730797004139777 | 
2286185905162853 | 
1656957595017097 | 
2199116203918310 | 
895624713077405 | 
793693219769324 | 
904005558664265 | 
1203501068499677 | 
24208306848829207 | 
1161609119477293 | 
2984289381758312 | 
1241072091284758 | 
1929973367624928 | 
1429094749220364 | 
650724924442043 | 
1945813235964153 | 
1463178768029919 | 
1405483344389061 | 
24796506406611828 | 
811745218008551 | 
821970793514091 | 
4252210301775077 | 
791860830428200 | 
1014972487344881 | 
816291794088678 | 
731305406667791 | 
767731316249342 | 
1288043899821437 | 
1420719826341385 | 
2112468402621623 | 
1358688825154841 | 
2237024966795438 | 
1380120540177138 | 
641840438753360 | 
1319792819498626 | 
2263298494097581 | 
1254691890188956 | 
1318680399308611 | 
1811470919472307 | 
936097381986334 | 
744605751263900 | 
1708808230000448 | 
1200951678899917 | 
1081125280157160 | 
25085599027748665 | 
1336280984765910 | 
816855064536465 | 
1181907246708801 | 
1180020537297035 | 
26543101898630553 | 
2566424953757165 | 
2051131659040867 | 
802398602334892 | 
1551896039286779 | 
25024879267172896 | 
768890366134266 | 
721411337581045 | 
24032582329755049 | 
1338418984672005 | 
1313272203923137 | 
1966546654163003 | 
2248150905671420 | 
1357762935197089 | 
1337702554347081 | 
838584638534413 | 
1504526460694133 | 
1119781757004022 | 
797004523231278 | 
733982206219999 | 
1116029503995128 | 
1514453976394474 | 
778185678404468 | 
1282198069877434 | 
1571937173924499 | 
2691395557869529 | 
891772430282532 | 
1324599256110630 | 
3300772663404996 | 
889645853890191 | 
1122406289481110 | 
1543317340066559 | 
24833597232942467 | 
1101699635433181 | 
1427687789087782 | 
863140706663769 | 
1337972917586734 | 
2429758930732146 | 
1293332695940749 | 
795592212963841 | 
885798867773324 | 
1124384706334188 | 
25952313914425940 | 
1193813826179572 | 
1308337157745954 | 
722438687604142 | 
2722516384773055 | 
715484431300629 | 
749853281439585 | 
4204131259905371 | 
1323655702253379 | 
1543691439952774 | 
782787451208546 | 
1261697335873154 | 
736419886111393 | 
4308493259380207 | 
818839860655289 | 
1229734078873647 | 
1750266958991534 | 
764123686522192 | 
735942946192421 | 
782768654897988 | 
787977000861871 | 
937450608962730 | 
908095218697650 | 
2466196160461988 | 
1434920755080140 | 
1243520107327299 | 
790015787224658 | 
826662689854327 | 
25029178006720616 | 
2047951392618169 | 
774607295381352 | 
813332431108948 | 
726301813274292 | 
1190542039640852 | 
1286378156035249 | 
2966518316864523 | 
2329122237580514 | 
2461032417626357 | 
1284000456367141 | 
1563187188047071 | 
1338089351308551 | 
739236659151592 | 
1982444062690179 | 
1605874230462591 | 
1491575475382738 | 
1139873118166507 | 
563878236784771 | 
1406134680731228 | 
2045968492823712 | 
1466452524420476 | 
1476476006757774 | 
1104405798308725 | 
836892952267343 | 
803001446062329 | 
2717939525265317 | 
1977682632825491 | 
723614714029109 | 
846404844604954 | 
1877642052826650 | 
1449917496232504 | 
820982633663763 | 
1114307754109780 | 
1466517151105684 | 
1112830754173908 | 
889515170064893 | 
1222604712750241 | 
1432071037877840 | 
1585684485731513 | 
3576578625811002 | 
845143288684160 | 
1063159462363221 | 
1160118762328562 | 
1311937833481179 | 
1799000310785464 | 
676878838301844 | 
1338274467742665 | 
1397131415499391 | 
701837099155743 | 
773224525701765 | 
1431832857874554 | 
1960968144472803 | 
3202118429971960 | 
718703180734559 | 
846407601079403 | 
853855927393733 | 
1138106458458303 | 
1257014919813991 | 
1306681414282497 | 
1475399940356486 | 
1879007222990514 | 
795777826609337 | 
805756405606776 | 
808009271596894 | 
845773541129392 | 
980132015191102 | 
1298655678656950 | 
1326418548982509 | 
1332427891691617 | 
1353605366103972 | 
1368688578120203 | 
1435818177490274 | 
1480865390282688 | 
1561834921840433 | 
1883235735695379 | 
1910602989531700 | 
4173755202898107 | 
