1448941196726001 | 
948648811047413 | 
670823085632653 | 
1302083998385230 | 
2933253620217555 | 
1211624547415718 | 
1993215958271512 | 
2009325509651040 | 
1482587856377185 | 
25901976232790106 | 
1340624330405377 | 
782189057771605 | 
2983538485185426 | 
1513799222945910 | 
929820113557693 | 
26248814524760696 | 
952339953984532 | 
1430155215429293 | 
919367717624964 | 
1049892300296993 | 
871030509321788 | 
941883711551423 | 
1352532162882783 | 
903162149364965 | 
1431525758064374 | 
1452699883215494 | 
1276627211198922 | 
2091705224974819 | 
3427735124067086 | 
1280364753964912 | 
1253320369557942 | 
943495414695148 | 
1844214066506881 | 
774179385393330 | 
1567929997621808 | 
1467106391596769 | 
881648314706786 | 
920134543893174 | 
1259658502056692 | 
1843619763013967 | 
1817657402288965 | 
1187084223244001 | 
35280944501504455 | 
1489448912753711 | 
822187173702766 | 
1070503324877964 | 
774145469082163 | 
3811237712505388 | 
757578700491607 | 
1236139795382421 | 
2198897520611825 | 
1137326895104252 | 
1715637016476609 | 
1223873212839987 | 
871248099280084 | 
3040576606124456 | 
1194431535840369 | 
2199116203918310 | 
24208306848829207 | 
1318680399308611 | 
1811470919472307 | 
802398602334892 | 
24032582329755049 | 
1116029503995128 | 
1282198069877434 | 
3300772663404996 | 
1337972917586734 | 
1124384706334188 | 
1323655702253379 | 
818839860655289 | 
25029178006720616 | 
1286378156035249 | 
2329122237580514 | 
2461032417626357 | 
1338089351308551 | 
739236659151592 | 
563878236784771 | 
2717939525265317 | 
1449917496232504 | 
1585684485731513 | 
1306681414282497 | 
1475399940356486 | 
1879007222990514 | 
845773541129392 | 
