1239228647822052 | 
1327251869219925 | 
1179905890727423 | 
1394643352677644 | 
4279522168981992 | 
906259388945253 | 
1715517563146381 | 
797794500041371 | 
3099027420281329 | 
1803602920312741 | 
1165138445592605 | 
1595663758366482 | 
769359312658877 | 
947099847708174 | 
1271417448415117 | 
1230388805794436 | 
1522841112728889 | 
1272876714772643 | 
1154475026687216 | 
2815519728785451 | 
821416266923951 | 
978554744851676 | 
2142592689860687 | 
1499892591752351 | 
1352126336934013 | 
1271271374957700 | 
4158526177745003 | 
1422770248957423 | 
1887070811956288 | 
1587658129183285 | 
919512711051194 | 
1988664148356375 | 
808295715648334 | 
792928667195802 | 
1494168799004268 | 
1280229380711741 | 
958407100020855 | 
1453836969536368 | 
1717939566035623 | 
1445889746985491 | 
928954153334098 | 
918692830769353 | 
1473516127806743 | 
1461320362168661 | 
783792447778133 | 
1598415184771674 | 
2323076214856200 | 
2740168159653888 | 
1501408241496386 | 
1661756511495672 | 
944536881842379 | 
1262251436094498 | 
