1267124278641616 | 
1249222477168676 | 
3128324010698676 | 
1774013853311955 | 
1359289672907734 | 
915000891496562 | 
1161066396179496 | 
923516890465948 | 
820380237464409 | 
924754043301466 | 
1336334118323596 | 
1657868965458600 | 
741698428875124 | 
1036499776216316 | 
949165171006974 | 
1451325940367059 | 
915866834422813 | 
983733164326786 | 
2121113595376319 | 
996655246360569 | 
774549938754470 | 
866687252552324 | 
932211012529153 | 
916124731251817 | 
963069022885513 | 
925850906692095 | 
922483567042305 | 
892507787083092 | 
1698006251538399 | 
1210998957772073 | 
810581284834801 | 
1603426557367761 | 
904945792534914 | 
1168630068591257 | 
1174711181259060 | 
1292218579452121 | 
