1608068640239465 | 
1416806330135986 | 
1841653943423292 | 
1933902727482623 | 
1014121843393353 | 
1192528012708280 | 
3217816745046537 | 
941976372109164 | 
908275748284011 | 
2191649301572331 | 
29170487839233562 | 
970605025246385 | 
982720270649887 | 
1163928048747775 | 
2017002945695081 | 
1626761661288172 | 
636476022527839 | 
761840503664394 | 
1405552307105299 | 
603019242783891 | 
1206546008293401 | 
854162640862483 | 
531378409717203 | 
1741884633427613 | 
1268591345121197 | 
1185747979502547 | 
4091414411142662 | 
1013303247610224 | 
1398720781348754 | 
1640974780364712 | 
613933515026477 | 
9679078525548244 | 
1226079692555620 | 
1221500089319042 | 
2394491180935372 | 
1408582300137576 | 
2645970322277314 | 
2742067742820113 | 
1256724136081882 | 
3548166412156882 | 
1883430412408568 | 
9283395311764950 | 
1059657162705429 | 
1059880772688095 | 
669624209266561 | 
1185541826205308 | 
1395689758364374 | 
617531421316804 | 
675153281914781 | 
697266533243107 | 
1150782453400038 | 
2154054898350218 | 
2433157307141912 | 
968586285442219 | 
619213187795420 | 
694421699976253 | 
717069874056761 | 
1238938637784736 | 
1077859980857653 | 
1469548957787182 | 
695637992963750 | 
707539088455383 | 
1416601303124228 | 
2096514490851769 | 
570921882335655 | 
1961409558052353 | 
887952050405137 | 
1295501269286702 | 
1945890716341889 | 
1597805837915517 | 
1330611732399624 | 
1206511404237561 | 
1980639052754359 | 
1862085128526965 | 
1958932344919677 | 
1156806809978012 | 
1189190909420339 | 
1178717954016829 | 
